38 0 1
67 0 1
34 1 1
18 2 1
27 3 1
38 3 1
38 4 1
101 4 1
38 5 1
39 5 1
38 6 1
129 6 1
38 7 1
48 7 1
18 8 1
38 8 1
38 9 1
105 9 1
100 10 1
38 11 1
121 11 1
38 12 1
42 12 1
38 13 1
129 13 1
38 14 1
121 14 1
12 15 1
38 15 1
26 16 1
38 16 1
40 17 1
74 17 1
38 18 1
130 18 1
8 19 1
130 19 1
15 20 1
38 20 1
40 21 1
130 21 1
38 22 1
67 22 1
38 23 1
78 23 1
38 24 1
130 24 1
34 25 1
38 25 1
38 26 1
130 26 1
38 27 1
130 27 1
38 28 1
130 28 1
16 29 1
38 29 1
12 30 1
38 30 1
38 31 1
48 31 1
38 32 1
65 32 1
39 33 1
117 33 1
54 34 1
67 34 1
38 35 1
97 35 1
123 36 1
130 36 1
38 37 1
134 37 1
38 38 1
74 38 1
38 39 1
121 39 1
10 40 1
38 40 1
38 41 1
141 41 1
38 42 1
74 42 1
38 43 1
113 43 1
10 44 1
38 44 1
38 45 1
137 45 1
38 46 1
78 46 1
12 47 1
38 47 1
12 48 1
38 48 1
18 49 1
38 49 1
28 50 1
38 51 1
39 51 1
44 52 1
38 53 1
134 53 1
38 54 1
43 54 1
74 55 1
38 56 1
67 56 1
85 57 1
130 57 1
38 58 1
113 58 1
38 59 1
67 59 1
38 60 1
141 60 1
38 61 1
134 61 1
34 62 1
38 62 1
38 63 1
141 63 1
38 64 1
113 64 1
16 65 1
38 65 1
3 66 1
38 66 1
38 67 1
100 67 1
38 68 1
105 68 1
38 69 1
65 69 1
38 70 1
130 70 1
38 71 1
74 71 1
12 72 1
85 72 1
38 73 1
65 73 1
38 74 1
73 74 1
38 75 1
84 75 1
38 76 1
105 76 1
38 77 1
39 77 1
20 78 1
38 78 1
38 79 1
68 79 1
38 80 1
126 80 1
38 81 1
134 81 1
11 82 1
113 82 1
38 83 1
129 83 1
12 84 1
123 84 1
38 85 1
50 85 1
38 86 1
50 86 1
38 87 1
68 87 1
38 88 1
112 88 1
38 89 1
42 89 1
12 90 1
38 90 1
17 91 1
134 91 1
3 92 1
38 92 1
38 93 1
126 93 1
54 94 1
129 94 1
38 95 1
134 95 1
39 96 1
38 97 1
113 97 1
38 98 1
113 98 1
38 99 1
74 99 1
38 100 1
39 100 1
38 101 1
129 101 1
38 102 1
74 102 1
28 103 1
38 103 1
38 104 1
136 104 1
38 105 1
43 105 1
3 106 1
38 106 1
38 107 1
114 107 1
38 108 1
118 108 1
12 109 1
38 109 1
38 110 1
127 110 1
44 111 1
18 112 1
38 112 1
38 113 1
130 113 1
18 114 1
38 114 1
38 115 1
48 115 1
38 116 1
60 116 1
12 117 1
38 117 1
112 118 1
38 119 1
65 119 1
103 120 1
38 121 1
134 121 1
38 122 1
100 122 1
12 123 1
93 123 1
16 124 1
38 124 1
38 125 1
39 125 1
17 126 1
18 126 1
38 127 1
97 127 1
12 128 1
93 128 1
34 129 1
38 129 1
27 130 1
38 130 1
38 131 1
113 131 1
38 132 1
142 132 1
38 133 1
136 133 1
113 134 1
38 135 1
113 135 1
70 136 1
18 137 1
38 137 1
92 138 1
38 139 1
137 139 1
15 140 1
38 140 1
75 141 1
138 142 1
16 143 1
38 144 1
129 144 1
43 145 1
43 146 1
17 147 1
67 147 1
38 148 1
76 148 1
38 149 1
77 149 1
38 150 1
134 150 1
38 151 1
70 151 1
130 152 1
38 153 1
64 153 1
38 154 1
100 154 1
38 155 1
130 155 1
90 156 1
134 156 1
19 157 1
38 157 1
38 158 1
74 158 1
18 159 1
38 159 1
38 160 1
52 160 1
119 161 1
129 161 1
38 162 1
67 162 1
34 163 1
38 163 1
38 164 1
50 164 1
38 165 1
113 165 1
38 166 1
101 166 1
38 167 1
67 167 1
38 168 1
97 168 1
67 169 1
28 170 1
38 170 1
38 171 1
112 171 1
100 172 1
38 173 1
130 173 1
113 174 1
38 175 1
130 175 1
19 176 1
38 176 1
38 177 1
39 177 1
38 178 1
92 178 1
12 179 1
12 180 1
104 180 1
38 181 1
62 181 1
38 182 1
134 182 1
38 183 1
129 183 1
38 184 1
67 184 1
27 185 1
38 185 1
19 186 1
38 186 1
38 187 1
105 187 1
34 188 1
38 188 1
12 189 1
38 189 1
20 190 1
38 190 1
38 191 1
42 191 1
38 192 1
134 192 1
27 193 1
38 193 1
38 194 1
134 194 1
20 195 1
38 195 1
38 196 1
86 196 1
119 197 1
130 197 1
38 198 1
73 198 1
26 199 1
123 199 1
16 200 1
38 200 1
28 201 1
38 201 1
38 202 1
130 202 1
26 203 1
38 203 1
38 204 1
141 204 1
38 205 1
67 205 1
38 206 1
121 206 1
57 207 1
130 207 1
19 208 1
38 208 1
38 209 1
105 209 1
38 210 1
92 210 1
85 211 1
134 211 1
4 212 1
38 212 1
18 213 1
38 213 1
9 214 1
38 214 1
38 215 1
113 215 1
43 216 1
38 217 1
126 217 1
38 218 1
86 218 1
65 219 1
93 219 1
38 220 1
130 220 1
38 221 1
74 221 1
38 222 1
105 222 1
18 223 1
38 223 1
16 224 1
38 224 1
94 225 1
38 226 1
129 226 1
38 227 1
112 227 1
134 228 1
67 229 1
120 229 1
10 230 1
57 230 1
38 231 1
67 231 1
57 232 1
137 232 1
38 233 1
86 233 1
127 234 1
113 235 1
124 235 1
38 236 1
105 236 1
67 237 1
38 238 1
44 238 1
20 239 1
38 239 1
26 240 1
38 240 1
38 241 1
96 241 1
12 242 1
38 242 1
38 243 1
131 243 1
102 244 1
14 245 1
38 246 1
76 246 1
38 247 1
134 247 1
15 248 1
38 249 1
67 249 1
38 250 1
68 250 1
38 251 1
129 251 1
38 252 1
127 252 1
38 253 1
42 253 1
38 254 1
44 254 1
38 255 1
121 255 1
54 256 1
113 256 1
38 257 1
56 257 1
38 258 1
100 258 1
38 259 1
77 259 1
3 260 1
38 260 1
38 261 1
100 261 1
38 262 1
75 262 1
38 263 1
129 263 1
38 264 1
129 264 1
12 265 1
38 265 1
38 266 1
129 266 1
38 267 1
129 267 1
38 268 1
142 268 1
38 269 1
105 269 1
38 270 1
130 270 1
3 271 1
38 271 1
38 272 1
105 272 1
38 273 1
61 273 1
38 274 1
137 274 1
38 275 1
44 275 1
38 276 1
134 276 1
38 277 1
50 277 1
38 278 1
50 278 1
5 279 1
38 279 1
18 280 1
38 280 1
13 281 1
38 281 1
47 282 1
74 282 1
38 283 1
121 283 1
15 284 1
38 284 1
1 285 1
38 285 1
38 286 1
73 286 1
38 287 1
73 287 1
38 288 1
44 288 1
38 289 1
44 289 1
38 290 1
129 290 1
38 291 1
74 291 1
117 292 1
130 292 1
34 293 1
38 293 1
38 294 1
100 294 1
38 295 1
105 295 1
57 296 1
68 296 1
20 297 1
38 297 1
38 298 1
121 298 1
3 299 1
38 299 1
1 300 1
38 300 1
1 301 1
38 301 1
38 302 1
121 302 1
20 303 1
38 303 1
54 304 1
130 304 1
130 305 1
19 306 1
38 306 1
3 307 1
38 307 1
1 308 1
38 308 1
68 309 1
93 310 1
134 310 1
38 311 1
100 311 1
38 312 1
41 312 1
38 313 1
112 313 1
12 314 1
38 314 1
38 315 1
127 315 1
12 316 1
123 316 1
117 317 1
130 317 1
141 318 1
38 319 1
44 319 1
54 320 1
113 320 1
38 321 1
97 321 1
38 322 1
130 322 1
38 323 1
67 323 1
38 324 1
138 324 1
38 325 1
39 325 1
134 326 1
38 327 1
74 327 1
12 328 1
123 328 1
38 329 1
73 329 1
38 330 1
118 330 1
3 331 1
57 331 1
38 332 1
113 332 1
12 333 1
145 333 1
38 334 1
97 334 1
95 335 1
38 336 1
134 336 1
38 337 1
113 337 1
34 338 1
38 338 1
16 339 1
38 339 1
16 340 1
38 340 1
38 341 1
100 341 1
38 342 1
118 342 1
38 343 1
134 343 1
103 344 1
108 344 1
38 345 1
121 345 1
12 346 1
117 346 1
38 347 1
130 347 1
93 348 1
130 348 1
27 349 1
38 349 1
38 350 1
114 350 1
16 351 1
38 351 1
10 352 1
38 352 1
38 353 1
103 353 1
127 354 1
38 355 1
110 355 1
40 356 1
74 356 1
9 357 1
38 357 1
8 358 1
134 358 1
38 359 1
129 359 1
66 360 1
129 360 1
38 361 1
73 361 1
38 362 1
127 362 1
38 363 1
100 363 1
20 364 1
20 365 1
121 366 1
73 367 1
123 367 1
38 368 1
134 368 1
38 369 1
134 369 1
12 370 1
38 370 1
38 371 1
67 371 1
85 372 1
113 372 1
38 373 1
74 373 1
38 374 1
129 374 1
38 375 1
130 375 1
38 376 1
113 376 1
38 377 1
67 377 1
16 378 1
38 378 1
134 379 1
38 380 1
44 380 1
38 381 1
101 381 1
38 382 1
137 382 1
38 383 1
44 383 1
38 384 1
75 384 1
38 385 1
74 385 1
38 386 1
113 386 1
34 387 1
38 387 1
40 388 1
134 388 1
38 389 1
113 389 1
38 390 1
74 390 1
38 391 1
115 391 1
38 392 1
73 392 1
38 393 1
67 393 1
36 394 1
38 394 1
38 395 1
39 395 1
130 396 1
38 397 1
68 397 1
38 398 1
101 398 1
38 399 1
56 399 1
38 400 1
56 400 1
38 401 1
39 401 1
38 402 1
44 402 1
20 403 1
38 403 1
38 404 1
143 404 1
38 405 1
86 405 1
38 406 1
67 406 1
38 407 1
134 407 1
38 408 1
121 408 1
38 409 1
67 409 1
19 410 1
38 410 1
121 411 1
7 412 1
38 412 1
38 413 1
105 413 1
18 414 1
38 414 1
38 415 1
64 415 1
38 416 1
44 416 1
38 417 1
142 417 1
74 418 1
117 418 1
85 419 1
129 419 1
38 420 1
67 420 1
38 421 1
65 421 1
38 422 1
127 422 1
19 423 1
38 423 1
16 424 1
38 424 1
38 425 1
43 425 1
12 426 1
38 427 1
134 427 1
67 428 1
85 428 1
38 429 1
67 429 1
12 430 1
38 430 1
38 431 1
134 431 1
12 432 1
38 432 1
38 433 1
67 433 1
38 434 1
121 434 1
38 435 1
100 435 1
93 436 1
113 436 1
38 437 1
130 437 1
38 438 1
115 438 1
38 439 1
134 439 1
40 440 1
134 440 1
74 441 1
123 441 1
27 442 1
38 443 1
129 443 1
1 444 1
38 444 1
38 445 1
134 445 1
19 446 1
123 446 1
27 447 1
38 447 1
57 448 1
67 448 1
38 449 1
86 449 1
3 450 1
38 450 1
38 451 1
129 451 1
54 452 1
67 452 1
38 453 1
130 453 1
67 454 1
85 454 1
38 455 1
74 455 1
19 456 1
38 456 1
7 457 1
38 457 1
38 458 1
130 458 1
12 459 1
38 459 1
16 460 1
38 460 1
26 461 1
38 461 1
38 462 1
118 462 1
38 463 1
74 463 1
38 464 1
42 464 1
14 465 1
38 465 1
38 466 1
50 466 1
38 467 1
130 467 1
38 468 1
118 468 1
38 469 1
74 469 1
3 470 1
38 470 1
117 471 1
130 471 1
54 472 1
129 472 1
12 473 1
38 473 1
38 474 1
95 474 1
38 475 1
73 475 1
3 476 1
38 476 1
18 477 1
38 477 1
27 478 1
38 478 1
38 479 1
100 479 1
65 480 1
93 480 1
38 481 1
73 481 1
38 482 1
65 482 1
10 483 1
38 483 1
38 484 1
129 484 1
12 485 1
38 486 1
67 486 1
38 487 1
100 487 1
123 488 1
141 488 1
54 489 1
67 489 1
38 490 1
130 490 1
44 491 1
85 491 1
38 492 1
73 492 1
38 493 1
39 493 1
38 494 1
126 494 1
16 495 1
38 495 1
38 496 1
44 496 1
38 497 1
97 497 1
28 498 1
38 498 1
38 499 1
65 499 1
38 500 1
65 500 1
38 501 1
64 501 1
38 502 1
84 502 1
38 503 1
97 503 1
38 504 1
130 504 1
38 505 1
73 505 1
12 506 1
38 506 1
38 507 1
113 507 1
38 508 1
65 508 1
38 509 1
129 509 1
38 510 1
130 510 1
38 511 1
100 511 1
130 512 1
67 513 1
38 514 1
94 514 1
38 515 1
97 515 1
38 516 1
129 516 1
38 517 1
134 517 1
38 518 1
100 518 1
12 519 1
54 519 1
19 520 1
38 520 1
38 521 1
122 521 1
34 522 1
38 522 1
19 523 1
38 523 1
117 524 1
121 524 1
38 525 1
112 525 1
12 526 1
38 526 1
38 527 1
75 527 1
19 528 1
38 528 1
15 529 1
38 530 1
78 530 1
38 531 1
44 531 1
38 532 1
75 532 1
38 533 1
129 533 1
38 534 1
91 534 1
38 535 1
44 535 1
38 536 1
130 536 1
38 537 1
77 537 1
38 538 1
67 538 1
16 539 1
38 539 1
38 540 1
65 540 1
38 541 1
65 541 1
38 542 1
130 542 1
38 543 1
73 543 1
103 544 1
123 544 1
38 545 1
134 545 1
38 546 1
134 546 1
20 547 1
38 547 1
26 548 1
38 548 1
15 549 1
38 549 1
38 550 1
137 550 1
38 551 1
77 551 1
38 552 1
100 552 1
85 553 1
129 553 1
38 554 1
70 554 1
38 555 1
56 555 1
38 556 1
67 556 1
38 557 1
39 557 1
38 558 1
39 558 1
38 559 1
43 559 1
19 560 1
38 560 1
38 561 1
52 561 1
100 562 1
38 563 1
65 563 1
38 564 1
65 564 1
16 565 1
38 565 1
38 566 1
74 566 1
38 567 1
67 567 1
38 568 1
86 568 1
38 569 1
134 569 1
42 570 1
108 570 1
38 571 1
129 571 1
20 572 1
38 572 1
19 573 1
38 573 1
38 574 1
86 574 1
38 575 1
121 575 1
27 576 1
38 576 1
17 577 1
129 577 1
26 578 1
38 578 1
38 579 1
77 579 1
38 580 1
64 580 1
38 581 1
113 581 1
15 582 1
38 582 1
38 583 1
113 583 1
27 584 1
38 584 1
38 585 1
44 585 1
20 586 1
93 586 1
85 587 1
134 587 1
38 588 1
65 588 1
38 589 1
92 589 1
16 590 1
38 591 1
48 591 1
3 592 1
38 592 1
3 593 1
38 593 1
38 594 1
113 594 1
38 595 1
68 595 1
15 596 1
38 596 1
38 597 1
110 597 1
38 598 1
129 598 1
38 599 1
105 599 1
38 600 1
130 600 1
121 601 1
9 602 1
7 603 1
140 604 1
19 605 1
38 605 1
38 606 1
129 606 1
113 607 1
38 608 1
129 608 1
38 609 1
73 609 1
38 610 1
121 610 1
85 611 1
100 611 1
38 612 1
100 612 1
38 613 1
121 613 1
74 614 1
38 615 1
129 615 1
38 616 1
134 616 1
129 617 1
12 618 1
38 618 1
38 619 1
105 619 1
117 620 1
134 620 1
26 621 1
38 621 1
38 622 1
97 622 1
12 623 1
123 623 1
16 624 1
38 624 1
38 625 1
134 625 1
105 626 1
108 626 1
38 627 1
52 627 1
38 628 1
65 628 1
38 629 1
112 629 1
12 630 1
38 630 1
38 631 1
48 631 1
38 632 1
65 632 1
130 633 1
38 634 1
39 634 1
38 635 1
67 635 1
38 636 1
122 636 1
38 637 1
113 637 1
38 638 1
86 638 1
33 639 1
43 639 1
38 640 1
97 640 1
12 641 1
38 641 1
38 642 1
130 642 1
38 643 1
74 643 1
38 644 1
48 644 1
38 645 1
129 645 1
38 646 1
44 646 1
19 647 1
38 647 1
38 648 1
44 648 1
38 649 1
73 649 1
43 650 1
93 650 1
38 651 1
102 651 1
131 652 1
54 653 1
134 653 1
38 654 1
67 654 1
38 655 1
141 655 1
34 656 1
38 656 1
38 657 1
113 657 1
19 658 1
38 658 1
38 659 1
44 659 1
38 660 1
92 660 1
3 661 1
38 661 1
12 662 1
38 662 1
38 663 1
137 663 1
38 664 1
67 664 1
38 665 1
91 665 1
42 666 1
19 667 1
38 667 1
28 668 1
38 668 1
67 669 1
38 670 1
94 670 1
38 671 1
44 671 1
38 672 1
97 672 1
28 673 1
38 673 1
38 674 1
74 674 1
38 675 1
64 675 1
38 676 1
74 676 1
38 677 1
121 677 1
3 678 1
123 678 1
38 679 1
39 679 1
38 680 1
73 680 1
38 681 1
129 681 1
38 682 1
134 682 1
38 683 1
141 683 1
38 684 1
130 684 1
12 685 1
38 685 1
40 686 1
134 686 1
1 687 1
38 687 1
38 688 1
97 688 1
3 689 1
93 689 1
10 690 1
38 690 1
16 691 1
38 691 1
19 692 1
38 692 1
1 693 1
38 693 1
67 694 1
124 694 1
38 695 1
134 695 1
38 696 1
134 696 1
38 697 1
74 697 1
14 698 1
38 699 1
91 699 1
38 700 1
139 700 1
12 701 1
38 701 1
38 702 1
141 702 1
67 703 1
85 703 1
38 704 1
129 704 1
114 705 1
19 706 1
38 706 1
38 707 1
141 707 1
38 708 1
73 708 1
65 709 1
86 710 1
93 711 1
130 711 1
38 712 1
130 712 1
16 713 1
38 713 1
38 714 1
109 714 1
38 715 1
100 715 1
38 716 1
130 716 1
3 717 1
38 717 1
38 718 1
105 718 1
15 719 1
38 719 1
38 720 1
121 720 1
38 721 1
67 721 1
38 722 1
65 722 1
38 723 1
42 723 1
38 724 1
95 724 1
3 725 1
38 725 1
38 726 1
64 726 1
38 727 1
100 727 1
38 728 1
50 728 1
38 729 1
129 729 1
38 730 1
134 730 1
38 731 1
130 731 1
12 732 1
38 732 1
12 733 1
54 733 1
38 734 1
105 734 1
42 735 1
85 735 1
38 736 1
142 736 1
38 737 1
70 737 1
123 738 1
129 738 1
38 739 1
89 739 1
93 740 1
134 740 1
38 741 1
43 741 1
3 742 1
38 742 1
39 743 1
38 744 1
67 744 1
38 745 1
134 745 1
38 746 1
126 746 1
12 747 1
38 747 1
15 748 1
38 748 1
141 749 1
65 750 1
27 751 1
117 751 1
12 752 1
38 752 1
38 753 1
100 753 1
38 754 1
122 754 1
54 755 1
129 755 1
38 756 1
44 756 1
38 757 1
112 757 1
38 758 1
60 758 1
54 759 1
113 759 1
19 760 1
38 760 1
67 761 1
85 761 1
32 762 1
44 762 1
38 763 1
105 763 1
65 764 1
93 764 1
12 765 1
117 765 1
105 766 1
38 767 1
129 767 1
18 768 1
38 768 1
38 769 1
100 769 1
38 770 1
67 770 1
38 771 1
141 771 1
38 772 1
113 772 1
38 773 1
121 773 1
9 774 1
38 774 1
38 775 1
139 775 1
38 776 1
113 776 1
12 777 1
38 777 1
123 778 1
129 778 1
129 779 1
47 780 1
113 780 1
38 781 1
73 781 1
38 782 1
44 782 1
19 783 1
38 784 1
50 784 1
38 785 1
138 785 1
38 786 1
112 786 1
65 787 1
38 788 1
105 788 1
38 789 1
39 789 1
12 790 1
38 790 1
20 791 1
38 791 1
19 792 1
38 792 1
38 793 1
113 793 1
65 794 1
123 795 1
129 795 1
18 796 1
38 796 1
12 797 1
93 797 1
38 798 1
129 798 1
38 799 1
113 799 1
19 800 1
71 800 1
67 801 1
93 801 1
18 802 1
38 802 1
0 803 1
129 803 1
54 804 1
113 804 1
27 805 1
38 805 1
3 806 1
38 806 1
12 807 1
117 807 1
38 808 1
121 808 1
38 809 1
100 809 1
38 810 1
67 810 1
20 811 1
38 811 1
38 812 1
84 812 1
38 813 1
130 813 1
38 814 1
138 814 1
54 815 1
130 815 1
38 816 1
113 816 1
38 817 1
121 817 1
56 818 1
38 819 1
142 819 1
38 820 1
110 820 1
12 821 1
38 821 1
19 822 1
38 822 1
38 823 1
126 823 1
15 824 1
38 824 1
38 825 1
130 825 1
7 826 1
38 826 1
38 827 1
100 827 1
38 828 1
129 828 1
93 829 1
129 829 1
38 830 1
105 830 1
38 831 1
103 831 1
61 832 1
98 832 1
38 833 1
44 833 1
38 834 1
42 834 1
57 835 1
79 835 1
12 836 1
38 836 1
38 837 1
113 837 1
38 838 1
42 838 1
130 839 1
18 840 1
38 840 1
16 841 1
38 841 1
74 842 1
38 843 1
121 843 1
38 844 1
130 844 1
38 845 1
134 845 1
38 846 1
113 846 1
38 847 1
129 847 1
52 848 1
74 849 1
85 849 1
8 850 1
129 850 1
38 851 1
48 851 1
48 852 1
38 853 1
74 853 1
12 854 1
54 854 1
12 855 1
38 855 1
38 856 1
97 856 1
38 857 1
74 857 1
44 858 1
85 858 1
38 859 1
42 859 1
38 860 1
100 860 1
27 861 1
38 861 1
18 862 1
38 862 1
38 863 1
44 863 1
38 864 1
65 864 1
38 865 1
100 865 1
38 866 1
92 866 1
3 867 1
38 867 1
38 868 1
94 868 1
38 869 1
77 869 1
48 870 1
67 871 1
110 872 1
3 873 1
38 873 1
38 874 1
100 874 1
67 875 1
12 876 1
85 876 1
38 877 1
64 877 1
38 878 1
113 878 1
38 879 1
67 879 1
38 880 1
121 880 1
38 881 1
113 881 1
38 882 1
44 882 1
38 883 1
100 883 1
38 884 1
129 884 1
38 885 1
122 885 1
38 886 1
94 886 1
38 887 1
41 887 1
38 888 1
50 888 1
38 889 1
94 889 1
17 890 1
19 890 1
99 891 1
129 891 1
38 892 1
43 892 1
14 893 1
38 893 1
16 894 1
9 895 1
38 895 1
38 896 1
48 896 1
38 897 1
134 897 1
38 898 1
121 898 1
16 899 1
85 899 1
38 900 1
39 900 1
38 901 1
140 901 1
38 902 1
73 902 1
11 903 1
113 903 1
27 904 1
38 904 1
38 905 1
141 905 1
38 906 1
50 906 1
19 907 1
38 907 1
38 908 1
73 908 1
20 909 1
38 909 1
38 910 1
48 910 1
20 911 1
117 911 1
125 912 1
134 912 1
38 913 1
50 913 1
18 914 1
38 914 1
38 915 1
100 915 1
38 916 1
139 916 1
38 917 1
121 917 1
67 918 1
85 918 1
85 919 1
129 919 1
38 920 1
44 920 1
27 921 1
38 921 1
121 922 1
12 923 1
38 923 1
12 924 1
117 924 1
12 925 1
38 925 1
38 926 1
65 926 1
38 927 1
141 927 1
38 928 1
67 928 1
38 929 1
94 929 1
7 930 1
27 931 1
38 931 1
54 932 1
129 932 1
16 933 1
38 933 1
93 934 1
134 934 1
38 935 1
39 935 1
38 936 1
129 936 1
54 937 1
67 937 1
38 938 1
121 938 1
38 939 1
44 939 1
134 940 1
54 941 1
130 941 1
38 942 1
67 942 1
19 943 1
38 943 1
26 944 1
38 944 1
38 945 1
42 945 1
38 946 1
92 946 1
25 947 1
129 947 1
38 948 1
113 948 1
20 949 1
38 949 1
38 950 1
136 950 1
38 951 1
39 951 1
38 952 1
134 952 1
12 953 1
38 954 1
105 954 1
38 955 1
115 955 1
38 956 1
129 956 1
27 957 1
38 958 1
67 958 1
105 959 1
38 960 1
137 960 1
38 961 1
65 961 1
38 962 1
61 962 1
93 963 1
129 963 1
9 964 1
17 964 1
26 965 1
38 965 1
38 966 1
74 966 1
20 967 1
30 968 1
73 968 1
54 969 1
67 969 1
20 970 1
38 970 1
38 971 1
75 971 1
38 972 1
39 972 1
118 973 1
38 974 1
129 974 1
26 975 1
38 975 1
38 976 1
129 976 1
44 977 1
54 977 1
38 978 1
121 978 1
18 979 1
38 979 1
38 980 1
44 980 1
54 981 1
130 981 1
38 982 1
115 982 1
38 983 1
103 983 1
38 984 1
129 984 1
38 985 1
92 985 1
19 986 1
38 986 1
65 987 1
12 988 1
38 989 1
121 989 1
19 990 1
38 990 1
38 991 1
75 991 1
36 992 1
38 992 1
59 993 1
130 993 1
38 994 1
114 994 1
20 995 1
38 995 1
3 996 1
38 996 1
56 997 1
67 998 1
38 999 1
74 999 1
