38 0 1
68 0 1
38 1 1
134 1 1
26 2 1
38 2 1
38 3 1
130 3 1
38 4 1
67 4 1
38 5 1
134 5 1
34 6 1
38 6 1
12 7 1
38 7 1
38 8 1
50 8 1
16 9 1
38 9 1
38 10 1
39 10 1
38 11 1
100 11 1
38 12 1
42 12 1
38 13 1
121 13 1
38 14 1
74 14 1
38 15 1
73 15 1
38 16 1
141 16 1
38 17 1
91 17 1
16 18 1
38 18 1
3 19 1
38 20 1
113 20 1
12 21 1
38 21 1
38 22 1
113 22 1
38 23 1
110 23 1
27 24 1
38 24 1
16 25 1
38 25 1
38 26 1
44 26 1
38 27 1
74 27 1
38 28 1
39 28 1
38 29 1
73 29 1
38 30 1
74 30 1
12 31 1
54 31 1
38 32 1
113 32 1
38 33 1
100 33 1
38 34 1
130 34 1
18 35 1
38 35 1
38 36 1
134 36 1
38 37 1
134 37 1
38 38 1
121 38 1
85 39 1
105 39 1
38 40 1
86 40 1
38 41 1
67 41 1
100 42 1
123 42 1
113 43 1
123 43 1
38 44 1
134 44 1
38 45 1
105 45 1
27 46 1
38 46 1
38 47 1
39 47 1
38 48 1
67 48 1
27 49 1
38 49 1
38 50 1
39 50 1
19 51 1
38 51 1
54 52 1
129 52 1
38 53 1
113 53 1
19 54 1
38 54 1
67 55 1
85 55 1
38 56 1
129 56 1
54 57 1
113 57 1
54 58 1
141 58 1
38 59 1
121 59 1
74 60 1
117 60 1
38 61 1
127 61 1
54 62 1
129 62 1
123 63 1
129 63 1
38 64 1
129 64 1
54 65 1
134 65 1
27 66 1
38 66 1
38 67 1
39 67 1
19 68 1
38 69 1
137 69 1
38 70 1
74 70 1
38 71 1
112 71 1
123 72 1
129 72 1
38 73 1
103 73 1
28 74 1
38 74 1
38 75 1
100 75 1
38 76 1
103 76 1
38 77 1
129 77 1
38 78 1
121 78 1
38 79 1
67 79 1
38 80 1
141 80 1
38 81 1
134 81 1
38 82 1
129 82 1
123 83 1
141 83 1
16 84 1
38 84 1
28 85 1
38 85 1
38 86 1
50 86 1
38 87 1
113 87 1
38 88 1
113 88 1
38 89 1
65 89 1
38 90 1
112 90 1
7 91 1
38 92 1
113 92 1
38 93 1
134 93 1
38 94 1
65 94 1
50 95 1
38 96 1
129 96 1
38 97 1
121 97 1
38 98 1
126 98 1
15 99 1
38 99 1
38 100 1
113 100 1
38 101 1
73 101 1
8 102 1
130 102 1
12 103 1
38 103 1
