185 0 5.000000
383 0 3.000000
386 0 4.000000
410 0 3.000000
495 0 4.000000
572 0 3.000000
642 0 5.000000
742 0 5.000000
765 0 4.000000
943 0 4.000000
2207 0 4.000000
2364 0 4.000000
2426 0 3.000000
2525 0 3.000000
2771 0 4.000000
2838 0 5.000000
2890 0 3.000000
2893 0 5.000000
3110 0 5.000000
3339 0 5.000000
3427 0 3.000000
3745 0 5.000000
22 1 3.000000
164 1 3.000000
386 1 4.000000
560 1 3.000000
728 1 3.000000
966 1 4.000000
1631 1 5.000000
1643 1 5.000000
2065 1 3.000000
2213 1 2.000000
2428 1 4.000000
2486 1 1.000000
2559 1 4.000000
2770 1 4.000000
2771 1 3.000000
3220 1 4.000000
3281 1 3.000000
3623 1 2.000000
3711 1 5.000000
3839 1 4.000000
3943 1 3.000000
67 2 3.000000
185 2 5.000000
401 2 4.000000
529 2 5.000000
764 2 4.000000
941 2 4.000000
1097 2 3.000000
1806 2 4.000000
2527 2 3.000000
2565 3 4.000000
208 6 4.000000
2216 6 3.000000
3427 6 2.000000
1598 7 3.000000
755 8 4.000000
217 9 4.000000
667 9 4.000000
933 9 3.000000
1146 9 3.000000
1402 9 3.000000
2148 9 4.000000
2556 9 4.000000
3427 9 2.000000
665 11 2.000000
2910 11 3.000000
189 12 3.000000
438 12 4.000000
788 12 2.000000
1146 12 3.000000
1924 12 3.000000
2760 12 3.000000
3704 12 4.000000
629 14 3.000000
735 14 5.000000
1182 14 3.000000
2333 14 4.000000
2944 14 5.000000
3518 14 3.000000
2008 15 4.000000
2525 15 4.000000
3231 15 4.000000
3427 15 1.000000
1259 16 5.000000
1656 16 5.000000
9 17 3.000000
35 17 4.000000
58 17 4.000000
191 17 4.000000
249 17 4.000000
502 17 5.000000
509 17 4.000000
539 17 5.000000
640 17 3.000000
752 17 4.000000
856 17 4.000000
937 17 5.000000
1049 17 5.000000
1057 17 5.000000
1144 17 4.000000
1318 17 4.000000
1982 17 4.000000
2191 17 4.000000
2525 17 5.000000
2557 17 4.000000
2762 17 4.000000
2771 17 4.000000
2779 17 4.000000
2895 17 5.000000
2926 17 4.000000
2999 17 4.000000
3151 17 3.000000
3237 17 5.000000
3484 17 4.000000
3518 17 3.000000
3856 17 4.000000
533 18 4.000000
1146 18 3.000000
2150 18 4.000000
2424 18 2.000000
2900 18 4.000000
3061 18 5.000000
3454 18 3.000000
2894 19 4.000000
3063 19 5.000000
142 20 2.000000
201 20 4.000000
954 20 2.000000
1057 20 3.000000
1334 20 3.000000
2429 20 3.000000
2465 20 2.000000
2525 20 4.000000
3285 20 2.000000
3670 20 3.000000
185 22 4.000000
735 22 5.000000
2276 22 2.000000
2350 22 2.000000
2432 22 4.000000
3063 22 5.000000
3131 22 4.000000
3212 22 2.000000
41 23 4.000000
414 23 3.000000
501 23 4.000000
524 23 3.000000
1051 23 3.000000
1495 23 3.000000
1718 23 1.000000
1919 23 5.000000
2041 23 3.000000
2325 23 4.000000
2329 23 4.000000
2708 23 3.000000
2881 23 4.000000
2890 23 3.000000
3418 23 4.000000
3426 23 5.000000
3484 23 5.000000
3518 23 5.000000
3598 23 2.000000
1962 24 4.000000
2321 24 2.000000
3518 24 2.000000
185 25 4.000000
319 25 4.000000
335 25 5.000000
363 25 4.000000
400 25 4.000000
408 25 3.000000
414 25 5.000000
501 25 5.000000
531 25 3.000000
627 25 3.000000
628 25 5.000000
646 25 3.000000
722 25 4.000000
724 25 3.000000
735 25 5.000000
773 25 3.000000
812 25 5.000000
825 25 3.000000
853 25 3.000000
907 25 3.000000
1033 25 2.000000
1045 25 3.000000
1058 25 3.000000
1081 25 3.000000
1154 25 4.000000
1155 25 3.000000
1183 25 5.000000
1186 25 5.000000
1278 25 3.000000
1329 25 4.000000
1396 25 4.000000
1412 25 3.000000
1424 25 5.000000
1468 25 3.000000
1481 25 4.000000
1502 25 5.000000
1549 25 4.000000
1657 25 2.000000
1735 25 4.000000
1883 25 4.000000
1922 25 4.000000
1952 25 3.000000
2021 25 4.000000
2030 25 2.000000
2049 25 4.000000
2054 25 2.000000
2148 25 2.000000
2175 25 5.000000
2281 25 3.000000
2284 25 3.000000
2316 25 5.000000
2320 25 4.000000
2328 25 4.000000
2422 25 4.000000
2424 25 2.000000
2430 25 4.000000
2433 25 3.000000
2461 25 3.000000
2498 25 4.000000
2525 25 4.000000
2526 25 2.000000
2640 25 4.000000
2642 25 4.000000
2679 25 5.000000
2706 25 4.000000
2740 25 3.000000
2763 25 3.000000
2772 25 2.000000
2880 25 3.000000
2911 25 3.000000
3010 25 4.000000
3018 25 4.000000
3019 25 4.000000
3048 25 4.000000
3054 25 2.000000
3110 25 5.000000
3115 25 2.000000
3127 25 3.000000
3145 25 4.000000
3148 25 4.000000
3154 25 4.000000
3166 25 4.000000
3189 25 4.000000
3231 25 4.000000
3275 25 3.000000
3281 25 3.000000
3333 25 1.000000
3339 25 2.000000
3362 25 2.000000
3364 25 4.000000
3366 25 4.000000
3418 25 4.000000
3427 25 1.000000
3518 25 3.000000
3523 25 4.000000
3561 25 2.000000
3594 25 2.000000
3669 25 4.000000
3695 25 3.000000
3705 25 2.000000
3862 25 4.000000
3950 25 4.000000
3518 27 2.000000
131 29 4.000000
742 29 4.000000
2537 29 4.000000
2649 29 2.000000
2881 29 4.000000
3110 29 5.000000
3231 29 5.000000
3518 29 3.000000
3575 29 5.000000
3932 29 3.000000
635 30 4.000000
2911 30 3.000000
386 31 2.000000
642 31 4.000000
735 31 5.000000
1052 31 2.000000
1146 31 4.000000
1148 31 2.000000
1805 31 3.000000
2021 31 4.000000
2645 31 2.000000
2740 31 4.000000
2759 31 3.000000
2893 31 3.000000
2944 31 3.000000
3426 31 3.000000
3518 31 2.000000
3932 31 5.000000
755 33 4.000000
2302 33 1.000000
142 34 3.000000
408 34 5.000000
544 34 3.000000
572 34 1.000000
735 34 4.000000
752 34 3.000000
858 34 1.000000
933 34 3.000000
1154 34 2.000000
1307 34 4.000000
1316 34 3.000000
1513 34 4.000000
1638 34 3.000000
1718 34 1.000000
1860 34 2.000000
1861 34 3.000000
2186 34 2.000000
2201 34 4.000000
2485 34 3.000000
2525 34 4.000000
2784 34 5.000000
2891 34 2.000000
3110 34 5.000000
3231 34 4.000000
3280 34 3.000000
3281 34 1.000000
3436 34 5.000000
3518 34 3.000000
3543 34 3.000000
3618 34 1.000000
3839 34 4.000000
160 35 4.000000
414 35 4.000000
429 35 5.000000
752 35 4.000000
1495 35 4.000000
1946 35 3.000000
2442 35 4.000000
2525 35 5.000000
2757 35 3.000000
3115 35 4.000000
3518 35 4.000000
414 38 5.000000
1004 38 4.000000
1435 38 4.000000
1436 38 3.000000
1722 38 5.000000
1735 38 3.000000
1875 38 5.000000
2101 38 4.000000
2259 38 5.000000
2432 38 4.000000
2688 38 5.000000
2770 38 3.000000
2775 38 4.000000
2944 38 5.000000
3063 38 5.000000
3110 38 5.000000
3157 38 4.000000
3231 38 4.000000
3426 38 5.000000
3436 38 5.000000
3518 38 3.000000
551 41 4.000000
577 41 3.000000
733 41 4.000000
941 41 1.000000
1499 41 2.000000
1513 41 4.000000
1703 41 2.000000
2232 41 3.000000
2347 41 5.000000
2423 41 4.000000
2646 41 3.000000
2649 41 5.000000
3110 41 5.000000
3151 41 3.000000
3426 41 4.000000
3436 41 5.000000
3452 41 4.000000
3594 41 2.000000
3612 41 4.000000
3745 41 5.000000
1999 43 5.000000
284 44 2.000000
495 44 1.000000
735 44 3.000000
1164 44 4.000000
1767 44 4.000000
1905 44 4.000000
2870 44 4.000000
3151 44 3.000000
414 46 5.000000
1982 46 4.000000
2137 46 3.000000
201 47 5.000000
251 47 3.000000
363 47 4.000000
605 47 4.000000
1463 47 5.000000
1891 47 4.000000
1982 47 2.000000
2190 47 4.000000
2442 47 3.000000
2525 47 5.000000
3115 47 2.000000
3154 47 3.000000
3426 47 4.000000
3427 47 1.000000
3518 47 4.000000
3980 47 4.000000
1003 48 3.000000
1457 48 4.000000
2770 48 4.000000
3670 48 3.000000
32 49 4.000000
47 49 3.000000
50 49 4.000000
67 49 4.000000
93 49 4.000000
142 49 4.000000
185 49 4.000000
269 49 5.000000
408 49 2.000000
410 49 4.000000
494 49 3.000000
495 49 5.000000
510 49 4.000000
520 49 4.000000
531 49 3.000000
558 49 1.000000
572 49 3.000000
583 49 3.000000
617 49 3.000000
627 49 2.000000
628 49 5.000000
635 49 3.000000
641 49 5.000000
646 49 3.000000
648 49 2.000000
735 49 4.000000
738 49 5.000000
742 49 4.000000
757 49 4.000000
782 49 3.000000
842 49 4.000000
852 49 3.000000
863 49 5.000000
873 49 5.000000
910 49 3.000000
937 49 3.000000
938 49 4.000000
962 49 4.000000
997 49 4.000000
1023 49 5.000000
1033 49 3.000000
1048 49 3.000000
1051 49 3.000000
1070 49 5.000000
1093 49 4.000000
1136 49 4.000000
1154 49 5.000000
1155 49 1.000000
1259 49 4.000000
1278 49 5.000000
1329 49 3.000000
1355 49 3.000000
1396 49 3.000000
1402 49 4.000000
1449 49 4.000000
1455 49 5.000000
1495 49 4.000000
1498 49 4.000000
1549 49 4.000000
1551 49 4.000000
1573 49 3.000000
1582 49 4.000000
1632 49 4.000000
1643 49 2.000000
1657 49 4.000000
1702 49 4.000000
1718 49 3.000000
1721 49 4.000000
1735 49 2.000000
1822 49 2.000000
1900 49 4.000000
1917 49 4.000000
1922 49 4.000000
1946 49 4.000000
2055 49 5.000000
2200 49 4.000000
2224 49 4.000000
2232 49 3.000000
2287 49 5.000000
2314 49 4.000000
2321 49 3.000000
2328 49 4.000000
2336 49 3.000000
2400 49 4.000000
2422 49 3.000000
2423 49 4.000000
2424 49 3.000000
2426 49 2.000000
2429 49 5.000000
2430 49 4.000000
2431 49 4.000000
2525 49 4.000000
2526 49 4.000000
2629 49 3.000000
2639 49 3.000000
2740 49 5.000000
2745 49 3.000000
2752 49 4.000000
2763 49 4.000000
2775 49 4.000000
2887 49 5.000000
2890 49 3.000000
2944 49 3.000000
2975 49 3.000000
3007 49 4.000000
3010 49 4.000000
3012 49 3.000000
3049 49 4.000000
3054 49 4.000000
3063 49 5.000000
3108 49 5.000000
3109 49 3.000000
3110 49 5.000000
3115 49 3.000000
3117 49 4.000000
3119 49 4.000000
3133 49 4.000000
3221 49 5.000000
3225 49 4.000000
3231 49 3.000000
3237 49 5.000000
3249 49 4.000000
3250 49 3.000000
3285 49 3.000000
3322 49 4.000000
3333 49 4.000000
3339 49 5.000000
3344 49 4.000000
3362 49 5.000000
3366 49 4.000000
3389 49 4.000000
3395 49 4.000000
3426 49 4.000000
3427 49 3.000000
3475 49 1.000000
3518 49 4.000000
3519 49 4.000000
3542 49 4.000000
3574 49 4.000000
3575 49 5.000000
3594 49 5.000000
3598 49 1.000000
3669 49 4.000000
3670 49 4.000000
3681 49 5.000000
3694 49 4.000000
3695 49 3.000000
3711 49 4.000000
3727 49 4.000000
3744 49 4.000000
3870 49 5.000000
3980 49 2.000000
3991 49 4.000000
26 50 3.000000
41 50 4.000000
50 50 5.000000
67 50 4.000000
69 50 4.000000
142 50 4.000000
168 50 3.000000
495 50 3.000000
558 50 5.000000
629 50 4.000000
640 50 4.000000
646 50 4.000000
724 50 2.000000
735 50 5.000000
742 50 3.000000
743 50 4.000000
752 50 4.000000
863 50 4.000000
934 50 4.000000
938 50 4.000000
948 50 4.000000
957 50 4.000000
966 50 3.000000
1004 50 3.000000
1033 50 4.000000
1057 50 3.000000
1097 50 4.000000
1277 50 4.000000
1278 50 4.000000
1322 50 4.000000
1358 50 3.000000
1360 50 4.000000
1402 50 3.000000
1449 50 5.000000
1735 50 4.000000
1786 50 4.000000
1822 50 3.000000
1988 50 4.000000
2021 50 4.000000
2065 50 4.000000
2148 50 3.000000
2318 50 3.000000
2321 50 4.000000
2336 50 3.000000
2430 50 3.000000
2576 50 3.000000
2619 50 2.000000
2639 50 4.000000
2753 50 3.000000
2771 50 3.000000
2775 50 4.000000
2890 50 2.000000
3017 50 3.000000
3063 50 5.000000
3109 50 3.000000
3280 50 4.000000
3283 50 4.000000
3343 50 4.000000
3362 50 4.000000
3418 50 4.000000
3484 50 5.000000
3518 50 4.000000
3614 50 2.000000
3856 50 5.000000
3974 50 1.000000
629 51 2.000000
881 51 3.000000
3560 51 2.000000
8 52 3.000000
12 52 3.000000
13 52 3.000000
15 52 5.000000
16 52 3.000000
20 52 4.000000
23 52 4.000000
24 52 4.000000
39 52 4.000000
40 52 2.000000
43 52 1.000000
47 52 3.000000
51 52 3.000000
54 52 3.000000
56 52 4.000000
64 52 3.000000
66 52 3.000000
81 52 4.000000
82 52 5.000000
84 52 2.000000
89 52 3.000000
96 52 3.000000
97 52 3.000000
100 52 4.000000
103 52 4.000000
105 52 4.000000
112 52 4.000000
119 52 3.000000
120 52 3.000000
122 52 4.000000
131 52 5.000000
136 52 5.000000
138 52 4.000000
141 52 4.000000
142 52 4.000000
144 52 4.000000
146 52 5.000000
161 52 3.000000
170 52 4.000000
181 52 4.000000
185 52 3.000000
190 52 4.000000
195 52 3.000000
196 52 5.000000
200 52 3.000000
201 52 4.000000
202 52 4.000000
203 52 3.000000
204 52 3.000000
208 52 1.000000
209 52 4.000000
210 52 5.000000
212 52 4.000000
214 52 4.000000
216 52 3.000000
217 52 4.000000
218 52 5.000000
233 52 5.000000
238 52 4.000000
239 52 3.000000
245 52 5.000000
246 52 5.000000
248 52 3.000000
250 52 3.000000
251 52 2.000000
253 52 4.000000
262 52 5.000000
275 52 3.000000
276 52 4.000000
279 52 4.000000
291 52 4.000000
294 52 4.000000
295 52 4.000000
296 52 2.000000
312 52 3.000000
314 52 1.000000
328 52 4.000000
333 52 4.000000
336 52 2.000000
337 52 4.000000
338 52 4.000000
343 52 5.000000
345 52 4.000000
350 52 5.000000
358 52 4.000000
362 52 4.000000
363 52 4.000000
368 52 4.000000
371 52 3.000000
372 52 4.000000
375 52 1.000000
389 52 3.000000
391 52 4.000000
394 52 4.000000
396 52 5.000000
402 52 3.000000
404 52 4.000000
411 52 3.000000
414 52 5.000000
415 52 3.000000
416 52 4.000000
417 52 4.000000
425 52 3.000000
434 52 4.000000
435 52 4.000000
437 52 4.000000
440 52 4.000000
445 52 4.000000
448 52 4.000000
455 52 4.000000
458 52 2.000000
459 52 3.000000
469 52 4.000000
470 52 3.000000
471 52 4.000000
472 52 3.000000
493 52 5.000000
500 52 4.000000
503 52 4.000000
506 52 3.000000
511 52 3.000000
512 52 5.000000
519 52 3.000000
521 52 4.000000
522 52 4.000000
529 52 5.000000
539 52 4.000000
542 52 3.000000
545 52 3.000000
546 52 4.000000
549 52 1.000000
552 52 3.000000
558 52 4.000000
564 52 5.000000
567 52 4.000000
572 52 3.000000
574 52 5.000000
575 52 4.000000
578 52 4.000000
586 52 3.000000
587 52 4.000000
599 52 4.000000
605 52 5.000000
606 52 4.000000
607 52 5.000000
627 52 3.000000
636 52 3.000000
639 52 4.000000
643 52 3.000000
647 52 4.000000
648 52 4.000000
653 52 3.000000
655 52 4.000000
657 52 5.000000
666 52 3.000000
672 52 4.000000
674 52 4.000000
679 52 4.000000
680 52 3.000000
682 52 3.000000
684 52 3.000000
686 52 5.000000
690 52 3.000000
691 52 4.000000
692 52 3.000000
693 52 4.000000
698 52 3.000000
708 52 3.000000
709 52 4.000000
710 52 4.000000
719 52 4.000000
727 52 5.000000
735 52 5.000000
745 52 5.000000
746 52 3.000000
749 52 5.000000
750 52 5.000000
752 52 3.000000
756 52 2.000000
757 52 3.000000
764 52 5.000000
770 52 5.000000
779 52 4.000000
791 52 5.000000
793 52 4.000000
796 52 4.000000
806 52 3.000000
810 52 5.000000
812 52 5.000000
816 52 4.000000
819 52 4.000000
826 52 4.000000
827 52 1.000000
828 52 5.000000
830 52 2.000000
842 52 2.000000
843 52 1.000000
851 52 3.000000
852 52 3.000000
853 52 4.000000
858 52 4.000000
861 52 4.000000
868 52 3.000000
873 52 3.000000
874 52 5.000000
875 52 5.000000
878 52 2.000000
885 52 5.000000
889 52 5.000000
890 52 3.000000
896 52 4.000000
897 52 4.000000
899 52 4.000000
901 52 1.000000
903 52 4.000000
905 52 2.000000
907 52 4.000000
908 52 2.000000
910 52 4.000000
913 52 4.000000
914 52 2.000000
915 52 4.000000
926 52 3.000000
930 52 5.000000
932 52 4.000000
954 52 3.000000
960 52 4.000000
967 52 4.000000
975 52 3.000000
981 52 3.000000
982 52 4.000000
984 52 3.000000
988 52 5.000000
989 52 4.000000
991 52 4.000000
994 52 3.000000
997 52 3.000000
1001 52 3.000000
1005 52 5.000000
1007 52 2.000000
1012 52 3.000000
1013 52 4.000000
1032 52 5.000000
1046 52 4.000000
1048 52 4.000000
1049 52 5.000000
1050 52 4.000000
1053 52 3.000000
1056 52 4.000000
1058 52 4.000000
1062 52 4.000000
1063 52 3.000000
1065 52 3.000000
1067 52 5.000000
1072 52 5.000000
1077 52 3.000000
1080 52 4.000000
1086 52 4.000000
1091 52 3.000000
1093 52 1.000000
1097 52 3.000000
1098 52 4.000000
1100 52 1.000000
1106 52 3.000000
1116 52 5.000000
1117 52 4.000000
1118 52 4.000000
1122 52 4.000000
1123 52 3.000000
1126 52 4.000000
1130 52 4.000000
1133 52 3.000000
1136 52 2.000000
1146 52 3.000000
1148 52 3.000000
1152 52 4.000000
1153 52 5.000000
1158 52 4.000000
1159 52 2.000000
1163 52 2.000000
1170 52 5.000000
1171 52 2.000000
1177 52 4.000000
1179 52 3.000000
1185 52 4.000000
1186 52 4.000000
1204 52 5.000000
1209 52 4.000000
1218 52 4.000000
1220 52 4.000000
1221 52 3.000000
1223 52 4.000000
1236 52 4.000000
1237 52 4.000000
1239 52 4.000000
1246 52 4.000000
1265 52 4.000000
1271 52 3.000000
1291 52 4.000000
1298 52 4.000000
1314 52 4.000000
1316 52 3.000000
1320 52 5.000000
1321 52 4.000000
1324 52 4.000000
1325 52 3.000000
1327 52 5.000000
1330 52 3.000000
1335 52 4.000000
1341 52 3.000000
1342 52 4.000000
1349 52 4.000000
1354 52 4.000000
1355 52 2.000000
1357 52 3.000000
1360 52 5.000000
1365 52 4.000000
1370 52 3.000000
1371 52 3.000000
1379 52 4.000000
1380 52 3.000000
1381 52 4.000000
1396 52 5.000000
1397 52 5.000000
1404 52 2.000000
1405 52 3.000000
1407 52 4.000000
1408 52 5.000000
1412 52 3.000000
1413 52 3.000000
1428 52 4.000000
1429 52 3.000000
1434 52 5.000000
1456 52 4.000000
1459 52 3.000000
1462 52 5.000000
1463 52 5.000000
1469 52 3.000000
1476 52 3.000000
1477 52 3.000000
1489 52 4.000000
1495 52 4.000000
1498 52 4.000000
1499 52 4.000000
1506 52 4.000000
1513 52 5.000000
1515 52 4.000000
1516 52 5.000000
1522 52 4.000000
1531 52 1.000000
1538 52 5.000000
1549 52 3.000000
1558 52 3.000000
1570 52 3.000000
1573 52 3.000000
1574 52 5.000000
1606 52 4.000000
1617 52 4.000000
1618 52 5.000000
1625 52 5.000000
1630 52 5.000000
1631 52 3.000000
1632 52 4.000000
1634 52 3.000000
1643 52 2.000000
1647 52 4.000000
1650 52 3.000000
1652 52 4.000000
1659 52 2.000000
1665 52 5.000000
1668 52 3.000000
1671 52 3.000000
1672 52 3.000000
1678 52 3.000000
1680 52 3.000000
1704 52 5.000000
1709 52 4.000000
1710 52 3.000000
1718 52 2.000000
1720 52 4.000000
1721 52 4.000000
1724 52 5.000000
1736 52 4.000000
1737 52 2.000000
1738 52 5.000000
1745 52 5.000000
1768 52 5.000000
1776 52 3.000000
1779 52 3.000000
1784 52 3.000000
1785 52 4.000000
1786 52 4.000000
1802 52 5.000000
1805 52 4.000000
1807 52 4.000000
1813 52 4.000000
1819 52 4.000000
1823 52 3.000000
1825 52 3.000000
1833 52 5.000000
1838 52 3.000000
1839 52 3.000000
1845 52 5.000000
1847 52 4.000000
1853 52 3.000000
1860 52 2.000000
1862 52 5.000000
1866 52 5.000000
1874 52 5.000000
1879 52 3.000000
1880 52 5.000000
1881 52 4.000000
1884 52 4.000000
1886 52 3.000000
1888 52 5.000000
1892 52 3.000000
1896 52 5.000000
1901 52 2.000000
1909 52 4.000000
1916 52 4.000000
1921 52 3.000000
1925 52 5.000000
1926 52 4.000000
1941 52 5.000000
1945 52 4.000000
1951 52 4.000000
1954 52 4.000000
1956 52 3.000000
1962 52 4.000000
1963 52 4.000000
1964 52 3.000000
1967 52 3.000000
1970 52 4.000000
1971 52 3.000000
1973 52 2.000000
1974 52 2.000000
1975 52 3.000000
1977 52 4.000000
1978 52 4.000000
1979 52 4.000000
1980 52 5.000000
1984 52 3.000000
1985 52 4.000000
1986 52 3.000000
1989 52 4.000000
2011 52 4.000000
2015 52 4.000000
2041 52 3.000000
2055 52 4.000000
2061 52 5.000000
2064 52 4.000000
2065 52 2.000000
2067 52 3.000000
2068 52 5.000000
2070 52 3.000000
2075 52 4.000000
2079 52 1.000000
2093 52 4.000000
2097 52 4.000000
2102 52 5.000000
2122 52 5.000000
2136 52 4.000000
2157 52 4.000000
2160 52 4.000000
2164 52 4.000000
2166 52 4.000000
2174 52 4.000000
2180 52 4.000000
2184 52 4.000000
2186 52 4.000000
2191 52 1.000000
2193 52 4.000000
2201 52 4.000000
2203 52 5.000000
2204 52 3.000000
2208 52 4.000000
2212 52 5.000000
2214 52 3.000000
2215 52 5.000000
2218 52 1.000000
2219 52 4.000000
2230 52 5.000000
2232 52 4.000000
2233 52 5.000000
2234 52 3.000000
2235 52 4.000000
2239 52 3.000000
2241 52 2.000000
2245 52 4.000000
2248 52 5.000000
2252 52 5.000000
2253 52 4.000000
2262 52 3.000000
2271 52 5.000000
2274 52 5.000000
2277 52 4.000000
2280 52 4.000000
2281 52 4.000000
2284 52 5.000000
2291 52 4.000000
2295 52 3.000000
2298 52 4.000000
2299 52 3.000000
2301 52 4.000000
2311 52 4.000000
2316 52 5.000000
2318 52 2.000000
2319 52 3.000000
2321 52 4.000000
2322 52 3.000000
2330 52 2.000000
2332 52 3.000000
2333 52 4.000000
2335 52 5.000000
2340 52 3.000000
2342 52 5.000000
2343 52 4.000000
2347 52 5.000000
2353 52 3.000000
2357 52 4.000000
2358 52 5.000000
2359 52 3.000000
2362 52 4.000000
2364 52 4.000000
2371 52 5.000000
2383 52 4.000000
2386 52 2.000000
2389 52 3.000000
2390 52 3.000000
2391 52 4.000000
2399 52 4.000000
2401 52 3.000000
2404 52 5.000000
2416 52 5.000000
2424 52 2.000000
2426 52 4.000000
2428 52 4.000000
2433 52 5.000000
2436 52 5.000000
2440 52 4.000000
2450 52 2.000000
2451 52 2.000000
2457 52 4.000000
2459 52 4.000000
2467 52 5.000000
2470 52 3.000000
2471 52 4.000000
2472 52 4.000000
2478 52 4.000000
2480 52 2.000000
2482 52 4.000000
2487 52 5.000000
2489 52 1.000000
2491 52 5.000000
2492 52 5.000000
2493 52 4.000000
2499 52 3.000000
2501 52 2.000000
2502 52 3.000000
2503 52 4.000000
2504 52 3.000000
2505 52 5.000000
2513 52 4.000000
2518 52 4.000000
2525 52 4.000000
2529 52 3.000000
2534 52 5.000000
2537 52 5.000000
2538 52 3.000000
2539 52 5.000000
2544 52 5.000000
2546 52 4.000000
2549 52 2.000000
2550 52 2.000000
2562 52 1.000000
2563 52 3.000000
2568 52 3.000000
2572 52 4.000000
2573 52 2.000000
2574 52 4.000000
2580 52 4.000000
2583 52 5.000000
2590 52 4.000000
2593 52 3.000000
2596 52 3.000000
2602 52 4.000000
2607 52 4.000000
2609 52 4.000000
2619 52 3.000000
2623 52 3.000000
2624 52 4.000000
2639 52 4.000000
2642 52 4.000000
2643 52 4.000000
2644 52 3.000000
2649 52 3.000000
2651 52 3.000000
2652 52 5.000000
2653 52 3.000000
2658 52 3.000000
2664 52 4.000000
2668 52 3.000000
2671 52 5.000000
2676 52 4.000000
2677 52 5.000000
2680 52 3.000000
2682 52 3.000000
2687 52 5.000000
2689 52 4.000000
2696 52 5.000000
2697 52 3.000000
2699 52 4.000000
2709 52 4.000000
2723 52 5.000000
2724 52 4.000000
2725 52 5.000000
2729 52 3.000000
2730 52 4.000000
2731 52 4.000000
2732 52 4.000000
2736 52 2.000000
2750 52 5.000000
2756 52 3.000000
2758 52 4.000000
2760 52 4.000000
2761 52 5.000000
2762 52 3.000000
2765 52 4.000000
2768 52 4.000000
2770 52 3.000000
2773 52 4.000000
2779 52 4.000000
2785 52 3.000000
2793 52 2.000000
2797 52 3.000000
2800 52 3.000000
2813 52 4.000000
2815 52 5.000000
2817 52 5.000000
2819 52 5.000000
2821 52 4.000000
2823 52 3.000000
2833 52 3.000000
2835 52 1.000000
2836 52 4.000000
2851 52 4.000000
2852 52 3.000000
2858 52 3.000000
2863 52 4.000000
2875 52 4.000000
2879 52 2.000000
2880 52 3.000000
2882 52 4.000000
2885 52 5.000000
2894 52 4.000000
2897 52 3.000000
2900 52 3.000000
2903 52 4.000000
2908 52 5.000000
2911 52 4.000000
2912 52 3.000000
2924 52 3.000000
2928 52 3.000000
2929 52 3.000000
2932 52 5.000000
2939 52 3.000000
2941 52 5.000000
2951 52 2.000000
2956 52 3.000000
2966 52 3.000000
2970 52 2.000000
2972 52 3.000000
2976 52 3.000000
2987 52 3.000000
2988 52 4.000000
2992 52 5.000000
2994 52 4.000000
2998 52 2.000000
3006 52 3.000000
3017 52 2.000000
3028 52 2.000000
3034 52 5.000000
3036 52 5.000000
3037 52 3.000000
3040 52 3.000000
3043 52 4.000000
3045 52 5.000000
3051 52 4.000000
3053 52 4.000000
3058 52 5.000000
3061 52 5.000000
3073 52 4.000000
3075 52 4.000000
3076 52 5.000000
3088 52 4.000000
3093 52 3.000000
3094 52 3.000000
3105 52 5.000000
3108 52 5.000000
3110 52 5.000000
3114 52 4.000000
3120 52 5.000000
3121 52 4.000000
3125 52 3.000000
3129 52 5.000000
3133 52 4.000000
3136 52 4.000000
3137 52 5.000000
3143 52 5.000000
3145 52 5.000000
3146 52 5.000000
3150 52 4.000000
3151 52 4.000000
3156 52 4.000000
3160 52 5.000000
3163 52 5.000000
3166 52 4.000000
3169 52 3.000000
3184 52 2.000000
3186 52 4.000000
3187 52 4.000000
3188 52 4.000000
3194 52 4.000000
3203 52 3.000000
3204 52 4.000000
3206 52 2.000000
3211 52 3.000000
3217 52 5.000000
3227 52 4.000000
3228 52 4.000000
3231 52 5.000000
3232 52 4.000000
3233 52 4.000000
3237 52 4.000000
3261 52 5.000000
3267 52 4.000000
3269 52 4.000000
3275 52 4.000000
3280 52 4.000000
3281 52 4.000000
3283 52 3.000000
3284 52 4.000000
3289 52 3.000000
3290 52 5.000000
3294 52 5.000000
3298 52 4.000000
3311 52 2.000000
3312 52 4.000000
3320 52 4.000000
3333 52 4.000000
3337 52 5.000000
3338 52 5.000000
3344 52 3.000000
3345 52 4.000000
3362 52 4.000000
3374 52 4.000000
3380 52 4.000000
3381 52 3.000000
3389 52 4.000000
3392 52 4.000000
3399 52 5.000000
3409 52 3.000000
3412 52 4.000000
3436 52 4.000000
3438 52 3.000000
3440 52 1.000000
3448 52 4.000000
3457 52 5.000000
3461 52 5.000000
3465 52 4.000000
3471 52 5.000000
3474 52 4.000000
3483 52 4.000000
3501 52 2.000000
3508 52 2.000000
3515 52 3.000000
3518 52 4.000000
3521 52 4.000000
3524 52 3.000000
3528 52 2.000000
3538 52 3.000000
3540 52 4.000000
3541 52 3.000000
3542 52 3.000000
3543 52 4.000000
3547 52 4.000000
3575 52 5.000000
3581 52 3.000000
3591 52 4.000000
3593 52 4.000000
3594 52 3.000000
3596 52 4.000000
3598 52 2.000000
3601 52 3.000000
3603 52 5.000000
3612 52 4.000000
3614 52 5.000000
3618 52 5.000000
3619 52 3.000000
3621 52 5.000000
3627 52 5.000000
3638 52 4.000000
3639 52 5.000000
3641 52 3.000000
3657 52 4.000000
3658 52 4.000000
3671 52 3.000000
3680 52 2.000000
3681 52 3.000000
3694 52 5.000000
3703 52 3.000000
3711 52 1.000000
3725 52 3.000000
3744 52 1.000000
3745 52 5.000000
3765 52 5.000000
3792 52 4.000000
3797 52 5.000000
3800 52 3.000000
3802 52 5.000000
3808 52 3.000000
3824 52 4.000000
3826 52 4.000000
3827 52 5.000000
3832 52 4.000000
3833 52 3.000000
3835 52 4.000000
3842 52 5.000000
3843 52 4.000000
3844 52 4.000000
3847 52 4.000000
3850 52 3.000000
3853 52 2.000000
3862 52 4.000000
3869 52 2.000000
3870 52 3.000000
3871 52 4.000000
3878 52 4.000000
3879 52 3.000000
3885 52 4.000000
3891 52 3.000000
3893 52 4.000000
3897 52 3.000000
3900 52 4.000000
3906 52 3.000000
3908 52 4.000000
3911 52 5.000000
3919 52 5.000000
3928 52 4.000000
3931 52 4.000000
3936 52 3.000000
3939 52 5.000000
3946 52 3.000000
3960 52 3.000000
3972 52 5.000000
3980 52 5.000000
3986 52 4.000000
3989 52 5.000000
3992 52 4.000000
3994 52 4.000000
3998 52 3.000000
1061 53 4.000000
2527 53 2.000000
3054 53 4.000000
2643 56 3.000000
2828 56 3.000000
3043 56 3.000000
3063 56 4.000000
3159 56 2.000000
24 57 2.000000
50 57 1.000000
62 57 3.000000
92 57 5.000000
128 57 4.000000
135 57 5.000000
249 57 3.000000
287 57 3.000000
319 57 4.000000
360 57 2.000000
386 57 3.000000
387 57 3.000000
390 57 3.000000
414 57 3.000000
420 57 4.000000
495 57 1.000000
510 57 3.000000
527 57 3.000000
540 57 4.000000
545 57 3.000000
554 57 3.000000
572 57 2.000000
596 57 3.000000
605 57 3.000000
606 57 3.000000
617 57 4.000000
629 57 4.000000
648 57 3.000000
650 57 3.000000
698 57 4.000000
715 57 4.000000
724 57 3.000000
725 57 2.000000
735 57 4.000000
738 57 3.000000
742 57 4.000000
746 57 3.000000
758 57 2.000000
767 57 4.000000
787 57 3.000000
842 57 4.000000
852 57 3.000000
853 57 3.000000
858 57 1.000000
863 57 3.000000
880 57 3.000000
896 57 5.000000
951 57 3.000000
953 57 4.000000
998 57 5.000000
1013 57 3.000000
1052 57 3.000000
1057 57 3.000000
1058 57 3.000000
1063 57 3.000000
1064 57 4.000000
1069 57 4.000000
1091 57 3.000000
1143 57 3.000000
1153 57 3.000000
1154 57 3.000000
1171 57 3.000000
1278 57 3.000000
1291 57 2.000000
1295 57 3.000000
1302 57 5.000000
1320 57 5.000000
1324 57 4.000000
1330 57 3.000000
1334 57 3.000000
1352 57 3.000000
1353 57 4.000000
1355 57 3.000000
1359 57 3.000000
1396 57 3.000000
1402 57 3.000000
1408 57 4.000000
1412 57 3.000000
1413 57 3.000000
1428 57 4.000000
1437 57 4.000000
1463 57 3.000000
1480 57 3.000000
1481 57 4.000000
1498 57 4.000000
1501 57 4.000000
1513 57 4.000000
1551 57 4.000000
1574 57 3.000000
1580 57 4.000000
1617 57 2.000000
1618 57 4.000000
1630 57 3.000000
1643 57 2.000000
1653 57 3.000000
1661 57 1.000000
1664 57 3.000000
1686 57 4.000000
1702 57 3.000000
1718 57 4.000000
1720 57 2.000000
1739 57 4.000000
1766 57 5.000000
1768 57 1.000000
1770 57 4.000000
1780 57 3.000000
1783 57 4.000000
1789 57 2.000000
1803 57 1.000000
1835 57 4.000000
1845 57 3.000000
1917 57 3.000000
1942 57 3.000000
1974 57 3.000000
1991 57 2.000000
2150 57 3.000000
2164 57 4.000000
2180 57 3.000000
2190 57 3.000000
2224 57 4.000000
2232 57 3.000000
2284 57 4.000000
2306 57 5.000000
2310 57 4.000000
2322 57 3.000000
2323 57 5.000000
2333 57 3.000000
2347 57 4.000000
2359 57 4.000000
2386 57 3.000000
2437 57 5.000000
2471 57 4.000000
2510 57 4.000000
2539 57 4.000000
2587 57 5.000000
2596 57 3.000000
2630 57 4.000000
2639 57 3.000000
2645 57 4.000000
2649 57 3.000000
2653 57 4.000000
2665 57 4.000000
2677 57 4.000000
2679 57 3.000000
2684 57 4.000000
2707 57 3.000000
2740 57 3.000000
2753 57 4.000000
2762 57 3.000000
2770 57 3.000000
2773 57 3.000000
2782 57 3.000000
2863 57 5.000000
2884 57 4.000000
2893 57 3.000000
2906 57 4.000000
2909 57 4.000000
2921 57 4.000000
2926 57 4.000000
3010 57 3.000000
3012 57 2.000000
3041 57 4.000000
3043 57 5.000000
3045 57 5.000000
3072 57 4.000000
3108 57 5.000000
3109 57 4.000000
3135 57 4.000000
3154 57 5.000000
3163 57 4.000000
3164 57 2.000000
3190 57 4.000000
3191 57 4.000000
3198 57 3.000000
3227 57 5.000000
3231 57 4.000000
3244 57 4.000000
3248 57 4.000000
3250 57 3.000000
3265 57 3.000000
3268 57 3.000000
3275 57 3.000000
3281 57 2.000000
3283 57 3.000000
3285 57 2.000000
3339 57 3.000000
3343 57 4.000000
3350 57 1.000000
3364 57 4.000000
3366 57 4.000000
3370 57 2.000000
3373 57 4.000000
3382 57 3.000000
3391 57 3.000000
3393 57 5.000000
3397 57 3.000000
3402 57 3.000000
3407 57 5.000000
3412 57 3.000000
3426 57 4.000000
3429 57 4.000000
3430 57 5.000000
3432 57 4.000000
3435 57 3.000000
3473 57 3.000000
3484 57 3.000000
3495 57 2.000000
3503 57 3.000000
3504 57 4.000000
3518 57 3.000000
3524 57 3.000000
3562 57 5.000000
3575 57 4.000000
3578 57 3.000000
3596 57 4.000000
3601 57 4.000000
3604 57 5.000000
3614 57 2.000000
3618 57 2.000000
3660 57 1.000000
3669 57 3.000000
3671 57 4.000000
3674 57 3.000000
3680 57 1.000000
3683 57 2.000000
3690 57 5.000000
3703 57 3.000000
3705 57 3.000000
3726 57 3.000000
3732 57 4.000000
3738 57 4.000000
3744 57 1.000000
3760 57 4.000000
3780 57 2.000000
3842 57 5.000000
3906 57 3.000000
3918 57 3.000000
3932 57 4.000000
1052 58 3.000000
137 60 3.000000
735 60 4.000000
2911 60 3.000000
954 61 3.000000
2527 61 3.000000
112 62 2.000000
131 62 3.000000
149 62 4.000000
587 62 4.000000
717 62 2.000000
741 62 2.000000
933 62 2.000000
1007 62 3.000000
1049 62 4.000000
1097 62 2.000000
1131 62 5.000000
1658 62 5.000000
2435 62 3.000000
2546 62 3.000000
2643 62 3.000000
2818 62 3.000000
2975 62 3.000000
2986 62 5.000000
3017 62 3.000000
3020 62 3.000000
3114 62 3.000000
3115 62 3.000000
3123 62 5.000000
3144 62 3.000000
3386 62 5.000000
3456 62 4.000000
3639 62 3.000000
1159 63 2.000000
1325 66 2.000000
2838 66 3.000000
3711 66 2.000000
2441 67 1.000000
318 69 3.000000
351 69 4.000000
383 69 3.000000
881 69 3.000000
954 69 3.000000
1144 69 3.000000
2027 69 4.000000
2200 69 3.000000
2321 69 1.000000
3033 69 3.000000
414 70 4.000000
667 70 4.000000
735 70 5.000000
876 70 3.000000
1146 70 3.000000
2522 70 3.000000
2911 70 3.000000
3231 70 4.000000
3281 70 2.000000
3518 70 4.000000
954 71 4.000000
1891 71 4.000000
2216 71 4.000000
3078 71 3.000000
1663 72 4.000000
2245 72 3.000000
3492 72 3.000000
414 73 4.000000
438 73 2.000000
495 73 3.000000
529 73 5.000000
629 73 4.000000
642 73 4.000000
735 73 4.000000
792 73 4.000000
863 73 4.000000
867 73 4.000000
1033 73 3.000000
1360 73 5.000000
1631 73 5.000000
1806 73 3.000000
2021 73 4.000000
2065 73 3.000000
2321 73 3.000000
2424 73 3.000000
2460 73 4.000000
2648 73 5.000000
2688 73 4.000000
2755 73 5.000000
2756 73 4.000000
3054 73 2.000000
3063 73 5.000000
3197 73 4.000000
3231 73 4.000000
3287 73 5.000000
3426 73 4.000000
3518 73 2.000000
3598 73 1.000000
3695 73 2.000000
3834 73 3.000000
2321 74 3.000000
2235 75 3.000000
208 76 2.000000
533 78 5.000000
2065 78 3.000000
2423 78 4.000000
2456 78 5.000000
510 79 3.000000
735 79 3.000000
1736 79 2.000000
2565 79 3.000000
745 80 5.000000
3609 80 5.000000
10 82 4.000000
26 82 4.000000
81 82 3.000000
122 82 4.000000
146 82 3.000000
185 82 3.000000
195 82 4.000000
201 82 5.000000
228 82 4.000000
276 82 4.000000
312 82 3.000000
342 82 3.000000
352 82 4.000000
363 82 3.000000
367 82 3.000000
380 82 5.000000
385 82 3.000000
391 82 2.000000
398 82 3.000000
407 82 4.000000
412 82 5.000000
414 82 5.000000
448 82 3.000000
452 82 3.000000
509 82 2.000000
513 82 3.000000
517 82 3.000000
588 82 5.000000
626 82 2.000000
629 82 3.000000
642 82 4.000000
645 82 3.000000
686 82 4.000000
688 82 3.000000
701 82 4.000000
720 82 3.000000
727 82 4.000000
735 82 5.000000
757 82 2.000000
759 82 3.000000
783 82 1.000000
812 82 4.000000
854 82 3.000000
879 82 4.000000
886 82 4.000000
887 82 3.000000
932 82 2.000000
948 82 3.000000
954 82 3.000000
965 82 5.000000
1001 82 3.000000
1004 82 4.000000
1015 82 2.000000
1045 82 3.000000
1052 82 2.000000
1057 82 3.000000
1152 82 5.000000
1164 82 2.000000
1166 82 4.000000
1181 82 3.000000
1199 82 4.000000
1259 82 4.000000
1264 82 4.000000
1278 82 3.000000
1320 82 5.000000
1329 82 2.000000
1330 82 3.000000
1355 82 2.000000
1361 82 3.000000
1366 82 5.000000
1432 82 2.000000
1434 82 3.000000
1473 82 3.000000
1498 82 3.000000
1499 82 1.000000
1500 82 5.000000
1513 82 3.000000
1522 82 3.000000
1526 82 1.000000
1601 82 4.000000
1621 82 2.000000
1650 82 1.000000
1659 82 1.000000
1680 82 3.000000
1762 82 3.000000
1763 82 4.000000
1767 82 3.000000
1823 82 3.000000
1900 82 3.000000
1926 82 3.000000
1933 82 3.000000
1962 82 3.000000
2013 82 4.000000
2020 82 4.000000
2024 82 3.000000
2159 82 4.000000
2193 82 3.000000
2198 82 3.000000
2232 82 4.000000
2303 82 4.000000
2323 82 3.000000
2330 82 2.000000
2346 82 4.000000
2373 82 4.000000
2413 82 1.000000
2422 82 4.000000
2434 82 3.000000
2439 82 4.000000
2463 82 4.000000
2513 82 3.000000
2558 82 5.000000
2576 82 3.000000
2593 82 3.000000
2608 82 4.000000
2619 82 2.000000
2638 82 4.000000
2660 82 3.000000
2693 82 4.000000
2720 82 4.000000
2792 82 3.000000
2812 82 2.000000
2821 82 2.000000
2848 82 5.000000
2888 82 4.000000
2944 82 4.000000
3011 82 4.000000
3042 82 1.000000
3079 82 3.000000
3094 82 3.000000
3108 82 5.000000
3129 82 3.000000
3137 82 3.000000
3150 82 4.000000
3166 82 4.000000
3177 82 5.000000
3186 82 4.000000
3194 82 2.000000
3231 82 5.000000
3283 82 2.000000
3339 82 2.000000
3354 82 4.000000
3367 82 4.000000
3372 82 4.000000
3397 82 3.000000
3399 82 4.000000
3426 82 4.000000
3481 82 3.000000
3538 82 1.000000
3594 82 4.000000
3607 82 4.000000
3670 82 2.000000
3695 82 5.000000
3710 82 4.000000
3716 82 1.000000
3825 82 1.000000
3936 82 3.000000
3950 82 4.000000
3996 82 3.000000
3999 82 3.000000
8 84 2.000000
383 84 4.000000
778 84 4.000000
2639 84 3.000000
2770 84 3.000000
2921 84 4.000000
3063 84 5.000000
3426 84 3.000000
3427 84 1.000000
3747 84 4.000000
207 85 3.000000
529 85 4.000000
735 85 5.000000
867 85 3.000000
938 85 4.000000
1048 85 4.000000
1806 85 4.000000
2440 85 4.000000
2672 85 3.000000
3063 85 5.000000
3231 85 5.000000
9 86 2.000000
120 86 5.000000
142 86 4.000000
146 86 4.000000
402 86 3.000000
414 86 2.000000
495 86 2.000000
500 86 4.000000
518 86 5.000000
558 86 2.000000
565 86 3.000000
640 86 5.000000
646 86 3.000000
663 86 4.000000
680 86 4.000000
791 86 5.000000
792 86 3.000000
852 86 4.000000
856 86 4.000000
857 86 5.000000
859 86 5.000000
873 86 4.000000
874 86 5.000000
932 86 3.000000
1001 86 4.000000
1007 86 5.000000
1033 86 3.000000
1051 86 3.000000
1083 86 5.000000
1093 86 5.000000
1114 86 4.000000
1144 86 4.000000
1203 86 4.000000
1244 86 4.000000
1278 86 3.000000
1318 86 4.000000
1322 86 5.000000
1334 86 5.000000
1402 86 3.000000
1436 86 4.000000
1495 86 5.000000
1498 86 4.000000
1549 86 5.000000
1573 86 5.000000
1594 86 1.000000
1762 86 5.000000
1784 86 4.000000
1971 86 4.000000
2021 86 5.000000
2049 86 4.000000
2051 86 3.000000
2148 86 4.000000
2191 86 3.000000
2232 86 4.000000
2318 86 4.000000
2321 86 5.000000
2322 86 5.000000
2340 86 4.000000
2349 86 5.000000
2429 86 3.000000
2430 86 5.000000
2442 86 5.000000
2445 86 3.000000
2456 86 4.000000
2526 86 4.000000
2629 86 4.000000
2639 86 5.000000
2642 86 5.000000
2648 86 5.000000
2656 86 5.000000
2682 86 2.000000
2740 86 5.000000
2752 86 5.000000
2755 86 5.000000
2775 86 5.000000
2778 86 3.000000
2786 86 5.000000
2809 86 5.000000
2879 86 4.000000
2882 86 5.000000
2890 86 4.000000
2893 86 5.000000
2895 86 5.000000
2899 86 5.000000
2911 86 4.000000
2912 86 5.000000
2937 86 4.000000
2975 86 4.000000
2999 86 5.000000
3017 86 5.000000
3054 86 3.000000
3098 86 5.000000
3109 86 4.000000
3114 86 4.000000
3116 86 3.000000
3119 86 2.000000
3138 86 2.000000
3151 86 5.000000
3154 86 4.000000
3189 86 4.000000
3203 86 5.000000
3233 86 3.000000
3235 86 4.000000
3249 86 5.000000
3250 86 5.000000
3280 86 3.000000
3281 86 5.000000
3282 86 5.000000
3297 86 4.000000
3333 86 4.000000
3335 86 5.000000
3362 86 5.000000
3395 86 4.000000
3426 86 4.000000
3501 86 2.000000
3657 86 5.000000
3670 86 4.000000
3704 86 5.000000
3711 86 1.000000
3747 86 5.000000
3769 86 5.000000
3801 86 4.000000
3870 86 5.000000
3905 86 5.000000
3948 86 5.000000
735 88 5.000000
1068 88 4.000000
3518 88 4.000000
107 89 3.000000
142 89 4.000000
201 89 4.000000
494 89 3.000000
500 89 5.000000
514 89 3.000000
524 89 3.000000
558 89 3.000000
605 89 4.000000
612 89 4.000000
738 89 5.000000
932 89 3.000000
938 89 4.000000
1048 89 3.000000
1157 89 4.000000
1396 89 4.000000
1402 89 3.000000
1659 89 3.000000
1838 89 3.000000
1982 89 4.000000
2301 89 3.000000
2400 89 4.000000
2639 89 3.000000
2753 89 3.000000
2881 89 4.000000
2890 89 2.000000
2893 89 3.000000
2911 89 3.000000
3119 89 1.000000
3154 89 5.000000
3282 89 4.000000
3307 89 2.000000
3366 89 4.000000
3418 89 4.000000
3518 89 3.000000
3711 89 3.000000
3870 89 2.000000
316 92 1.000000
410 92 3.000000
735 92 5.000000
1091 92 4.000000
2550 92 3.000000
2890 92 1.000000
3151 92 3.000000
3291 92 3.000000
2229 93 3.000000
544 94 2.000000
647 94 3.000000
735 94 5.000000
742 94 4.000000
757 94 3.000000
867 94 3.000000
937 94 4.000000
943 94 4.000000
1056 94 3.000000
1148 94 3.000000
1513 94 3.000000
1736 94 2.000000
1918 94 4.000000
2224 94 4.000000
2525 94 4.000000
2755 94 3.000000
2881 94 3.000000
2891 94 3.000000
2944 94 2.000000
3063 94 5.000000
3110 94 4.000000
3123 94 4.000000
3231 94 4.000000
3250 94 3.000000
3339 94 3.000000
3427 94 3.000000
3518 94 2.000000
3560 94 4.000000
3575 94 3.000000
3594 94 3.000000
3612 94 3.000000
3711 94 1.000000
57 95 4.000000
201 95 5.000000
204 95 4.000000
353 95 4.000000
444 95 4.000000
606 95 4.000000
635 95 4.000000
694 95 3.000000
735 95 5.000000
941 95 2.000000
1057 95 4.000000
1096 95 4.000000
1805 95 3.000000
1939 95 4.000000
1962 95 2.000000
2484 95 5.000000
2525 95 5.000000
3006 95 4.000000
3109 95 3.000000
3154 95 4.000000
3285 95 3.000000
3322 95 5.000000
3726 95 4.000000
3932 95 4.000000
941 97 2.000000
1229 97 2.000000
663 98 3.000000
201 99 4.000000
941 99 3.000000
941 100 4.000000
201 101 1.000000
24 102 2.000000
39 102 2.000000
51 102 2.000000
82 102 3.000000
94 102 2.000000
185 102 3.000000
390 102 4.000000
414 102 2.000000
420 102 3.000000
455 102 2.000000
508 102 4.000000
514 102 1.000000
523 102 1.000000
527 102 4.000000
566 102 2.000000
572 102 2.000000
605 102 4.000000
617 102 3.000000
627 102 4.000000
635 102 3.000000
637 102 4.000000
691 102 3.000000
719 102 2.000000
727 102 5.000000
735 102 5.000000
736 102 4.000000
738 102 5.000000
749 102 3.000000
779 102 4.000000
797 102 4.000000
852 102 3.000000
858 102 1.000000
882 102 3.000000
930 102 3.000000
931 102 3.000000
933 102 3.000000
940 102 4.000000
946 102 5.000000
1052 102 3.000000
1069 102 3.000000
1071 102 4.000000
1117 102 3.000000
1144 102 2.000000
1183 102 4.000000
1186 102 5.000000
1201 102 4.000000
1223 102 3.000000
1320 102 5.000000
1329 102 4.000000
1354 102 4.000000
1377 102 4.000000
1396 102 4.000000
1428 102 4.000000
1432 102 4.000000
1455 102 5.000000
1456 102 3.000000
1481 102 3.000000
1513 102 4.000000
1518 102 2.000000
1534 102 3.000000
1570 102 2.000000
1574 102 4.000000
1610 102 3.000000
1659 102 3.000000
1717 102 1.000000
1736 102 4.000000
1785 102 2.000000
1857 102 1.000000
2062 102 5.000000
2065 102 3.000000
2203 102 3.000000
2320 102 4.000000
2333 102 4.000000
2401 102 4.000000
2422 102 2.000000
2424 102 3.000000
2447 102 4.000000
2522 102 5.000000
2525 102 4.000000
2630 102 5.000000
2679 102 2.000000
2763 102 4.000000
2800 102 2.000000
2858 102 2.000000
2882 102 3.000000
2911 102 2.000000
2964 102 3.000000
2975 102 3.000000
2987 102 1.000000
3018 102 5.000000
3080 102 4.000000
3109 102 3.000000
3110 102 5.000000
3130 102 3.000000
3146 102 3.000000
3154 102 3.000000
3168 102 3.000000
3217 102 5.000000
3231 102 4.000000
3281 102 1.000000
3283 102 2.000000
3290 102 4.000000
3364 102 5.000000
3377 102 3.000000
3382 102 2.000000
3426 102 5.000000
3430 102 5.000000
3479 102 2.000000
3501 102 3.000000
3519 102 2.000000
3523 102 5.000000
3524 102 4.000000
3560 102 3.000000
3562 102 4.000000
3614 102 3.000000
3616 102 4.000000
3639 102 4.000000
3684 102 3.000000
3695 102 5.000000
3711 102 1.000000
3726 102 4.000000
3745 102 4.000000
3765 102 5.000000
3824 102 2.000000
399 103 3.000000
408 103 5.000000
414 103 5.000000
501 103 4.000000
627 103 4.000000
642 103 4.000000
657 103 5.000000
715 103 4.000000
735 103 5.000000
757 103 3.000000
788 103 1.000000
853 103 3.000000
875 103 5.000000
938 103 5.000000
940 103 3.000000
970 103 4.000000
1052 103 3.000000
1097 103 3.000000
1154 103 3.000000
1223 103 4.000000
1278 103 5.000000
1334 103 1.000000
1396 103 4.000000
1480 103 3.000000
1495 103 3.000000
1498 103 4.000000
1513 103 5.000000
1549 103 4.000000
1573 103 3.000000
1574 103 4.000000
1643 103 4.000000
1659 103 3.000000
1718 103 3.000000
1721 103 3.000000
1738 103 3.000000
1811 103 4.000000
1978 103 3.000000
2062 103 4.000000
2248 103 3.000000
2301 103 3.000000
2314 103 3.000000
2316 103 5.000000
2391 103 5.000000
2422 103 3.000000
2437 103 5.000000
2457 103 4.000000
2468 103 3.000000
2525 103 5.000000
2543 103 5.000000
2574 103 4.000000
2620 103 4.000000
2645 103 3.000000
2655 103 4.000000
2770 103 3.000000
2911 103 3.000000
2975 103 4.000000
3049 103 4.000000
3115 103 3.000000
3133 103 3.000000
3282 103 3.000000
3287 103 3.000000
3333 103 2.000000
3367 103 2.000000
3426 103 4.000000
3518 103 4.000000
3612 103 4.000000
3614 103 4.000000
3694 103 3.000000
3695 103 3.000000
3888 103 3.000000
3939 103 2.000000
