15 0 2.000000
28 0 3.000000
0 1 3.000000
16 1 5.000000
17 1 4.000000
20 1 4.000000
21 1 2.000000
10 2 5.000000
22 2 3.000000
24 2 2.000000
27 2 5.000000
3 3 5.000000
5 3 3.000000
13 3 4.000000
24 3 3.000000
19 4 2.000000
4 5 2.000000
7 5 3.000000
13 5 2.000000
22 5 5.000000
1 6 1.000000
22 6 2.000000
4 7 1.000000
19 7 2.000000
6 8 3.000000
25 8 2.000000
8 9 5.000000
9 9 3.000000
28 9 1.000000
8 10 5.000000
23 10 5.000000
28 10 3.000000
5 11 1.000000
7 11 2.000000
20 11 3.000000
25 11 3.000000
14 12 2.000000
23 12 4.000000
19 13 4.000000
21 13 2.000000
22 14 1.000000
1 15 2.000000
11 15 2.000000
20 15 3.000000
22 15 3.000000
1 16 1.000000
7 16 2.000000
14 16 5.000000
26 16 1.000000
5 17 5.000000
28 17 4.000000
2 18 3.000000
4 18 3.000000
7 18 2.000000
20 18 3.000000
7 19 5.000000
10 19 3.000000
