38 0 1
134 0 1
19 1 1
38 1 1
38 2 1
68 2 1
38 3 1
141 3 1
38 4 1
105 4 1
38 5 1
101 5 1
26 6 1
38 6 1
38 7 1
43 7 1
38 8 1
67 8 1
26 9 1
38 9 1
38 10 1
113 10 1
38 11 1
129 11 1
19 12 1
38 12 1
16 13 1
38 13 1
12 14 1
38 14 1
38 15 1
39 15 1
85 16 1
103 16 1
38 17 1
127 17 1
38 18 1
142 18 1
38 19 1
141 19 1
38 20 1
113 20 1
38 21 1
67 21 1
26 22 1
38 22 1
73 23 1
85 23 1
12 24 1
38 24 1
38 25 1
136 25 1
38 26 1
65 26 1
26 27 1
38 27 1
38 28 1
112 28 1
38 29 1
76 29 1
118 30 1
123 30 1
38 31 1
60 31 1
38 32 1
68 32 1
113 33 1
38 34 1
100 34 1
38 35 1
141 35 1
38 36 1
73 36 1
16 37 1
38 38 1
121 38 1
38 39 1
134 39 1
38 40 1
121 40 1
40 41 1
74 41 1
38 42 1
43 42 1
38 43 1
121 43 1
38 44 1
73 44 1
38 45 1
56 45 1
20 46 1
38 46 1
117 47 1
134 47 1
38 48 1
67 48 1
3 49 1
38 49 1
38 50 1
73 50 1
28 51 1
20 52 1
38 52 1
19 53 1
38 53 1
19 54 1
38 54 1
38 55 1
43 55 1
67 56 1
99 56 1
38 57 1
75 57 1
38 58 1
127 58 1
38 59 1
118 59 1
27 60 1
27 61 1
38 61 1
38 62 1
129 62 1
16 63 1
38 63 1
38 64 1
105 64 1
38 65 1
56 65 1
14 66 1
38 66 1
38 67 1
105 67 1
38 68 1
68 68 1
54 69 1
129 69 1
38 70 1
91 70 1
38 71 1
67 71 1
38 72 1
134 72 1
118 73 1
38 74 1
44 74 1
3 75 1
38 75 1
38 76 1
129 76 1
38 77 1
70 77 1
38 78 1
105 78 1
38 79 1
134 79 1
38 80 1
113 80 1
38 81 1
48 81 1
38 82 1
134 82 1
38 83 1
75 83 1
74 84 1
85 84 1
93 85 1
129 85 1
20 86 1
38 86 1
38 87 1
74 87 1
113 88 1
124 88 1
28 89 1
38 89 1
27 90 1
38 90 1
12 91 1
38 92 1
129 92 1
38 93 1
112 93 1
47 94 1
113 94 1
99 95 1
129 95 1
38 96 1
126 96 1
38 97 1
121 97 1
38 98 1
100 98 1
38 99 1
39 99 1
12 100 1
38 100 1
38 101 1
95 101 1
38 102 1
141 102 1
38 103 1
121 103 1
12 104 1
16 105 1
38 105 1
38 106 1
65 106 1
18 107 1
38 107 1
54 108 1
129 108 1
38 109 1
50 109 1
38 110 1
44 110 1
38 111 1
113 111 1
67 112 1
38 113 1
92 113 1
134 114 1
38 115 1
130 115 1
12 116 1
145 116 1
38 117 1
140 117 1
16 118 1
38 118 1
44 119 1
54 119 1
38 120 1
39 120 1
27 121 1
38 121 1
38 122 1
129 122 1
38 123 1
43 123 1
38 124 1
94 124 1
12 125 1
38 125 1
38 126 1
44 126 1
38 127 1
76 127 1
12 128 1
57 128 1
77 129 1
28 130 1
38 130 1
16 131 1
38 131 1
39 132 1
117 132 1
10 133 1
38 134 1
113 134 1
100 135 1
123 135 1
38 136 1
65 136 1
38 137 1
39 137 1
38 138 1
100 138 1
38 139 1
95 139 1
26 140 1
38 140 1
38 141 1
137 141 1
38 142 1
73 142 1
38 143 1
113 143 1
95 144 1
38 145 1
44 145 1
85 146 1
134 146 1
38 147 1
74 147 1
38 148 1
75 148 1
38 149 1
91 149 1
38 150 1
130 150 1
20 151 1
38 151 1
38 152 1
97 152 1
130 153 1
38 154 1
73 154 1
38 155 1
129 155 1
38 156 1
112 156 1
141 157 1
54 158 1
134 158 1
38 159 1
113 159 1
9 160 1
38 160 1
7 161 1
38 161 1
38 162 1
100 162 1
75 163 1
38 164 1
100 164 1
12 165 1
38 165 1
12 166 1
38 166 1
18 167 1
117 167 1
38 168 1
121 168 1
7 169 1
38 169 1
38 170 1
118 170 1
18 171 1
38 171 1
38 172 1
141 172 1
38 173 1
75 173 1
44 174 1
38 175 1
129 175 1
43 176 1
93 176 1
38 177 1
130 177 1
38 178 1
134 178 1
14 179 1
38 179 1
38 180 1
44 180 1
38 181 1
56 181 1
85 182 1
112 182 1
12 183 1
38 183 1
38 184 1
67 184 1
74 185 1
93 185 1
124 186 1
130 186 1
38 187 1
121 187 1
38 188 1
74 188 1
38 189 1
65 189 1
38 190 1
44 190 1
38 191 1
103 191 1
20 192 1
38 192 1
18 193 1
38 193 1
18 194 1
38 194 1
38 195 1
67 195 1
38 196 1
121 196 1
38 197 1
67 197 1
10 198 1
38 198 1
38 199 1
67 199 1
38 200 1
130 200 1
38 201 1
129 201 1
38 202 1
64 202 1
67 203 1
38 204 1
129 204 1
123 205 1
129 205 1
34 206 1
38 207 1
100 207 1
49 208 1
129 208 1
38 209 1
113 209 1
3 210 1
38 210 1
28 211 1
38 211 1
38 212 1
103 212 1
44 213 1
38 214 1
103 214 1
38 215 1
139 215 1
122 216 1
38 217 1
44 217 1
131 218 1
38 219 1
136 219 1
38 220 1
78 220 1
38 221 1
39 221 1
3 222 1
38 222 1
18 223 1
38 223 1
38 224 1
39 224 1
130 225 1
67 226 1
116 226 1
18 227 1
38 227 1
38 228 1
134 228 1
10 229 1
38 229 1
38 230 1
92 230 1
3 231 1
38 231 1
16 232 1
38 232 1
27 233 1
38 233 1
103 234 1
9 235 1
38 235 1
38 236 1
65 236 1
67 237 1
87 237 1
38 238 1
130 238 1
74 239 1
38 240 1
94 240 1
123 241 1
134 241 1
15 242 1
38 242 1
38 243 1
142 243 1
130 244 1
38 245 1
137 245 1
27 246 1
38 246 1
39 247 1
20 248 1
38 248 1
38 249 1
50 249 1
38 250 1
50 250 1
38 251 1
103 251 1
38 252 1
100 252 1
3 253 1
38 253 1
38 254 1
44 254 1
38 255 1
100 255 1
3 256 1
38 256 1
38 257 1
139 257 1
19 258 1
47 258 1
34 259 1
38 259 1
38 260 1
134 260 1
12 261 1
38 261 1
38 262 1
74 262 1
38 263 1
44 263 1
130 264 1
65 265 1
93 265 1
19 266 1
38 266 1
74 267 1
38 268 1
100 268 1
38 269 1
113 269 1
38 270 1
134 270 1
38 271 1
56 271 1
38 272 1
140 272 1
3 273 1
12 274 1
38 274 1
38 275 1
65 275 1
16 276 1
38 276 1
113 277 1
38 278 1
113 278 1
38 279 1
56 279 1
38 280 1
65 280 1
38 281 1
134 281 1
70 282 1
38 283 1
134 283 1
16 284 1
38 284 1
38 285 1
131 285 1
38 286 1
73 286 1
12 287 1
38 287 1
54 288 1
129 288 1
38 289 1
68 289 1
38 290 1
134 290 1
38 291 1
121 291 1
38 292 1
103 292 1
38 293 1
105 293 1
38 294 1
65 294 1
38 295 1
113 295 1
38 296 1
130 296 1
54 297 1
67 297 1
12 298 1
38 298 1
1 299 1
38 299 1
38 300 1
134 300 1
38 301 1
138 301 1
38 302 1
74 302 1
66 303 1
129 303 1
38 304 1
113 304 1
38 305 1
100 305 1
38 306 1
129 306 1
27 307 1
38 307 1
34 308 1
38 308 1
18 309 1
38 309 1
85 310 1
113 310 1
38 311 1
130 311 1
18 312 1
38 313 1
73 313 1
1 314 1
38 314 1
9 315 1
38 316 1
68 316 1
38 317 1
100 317 1
38 318 1
129 318 1
12 319 1
54 319 1
17 320 1
134 320 1
38 321 1
129 321 1
121 322 1
38 323 1
68 323 1
54 324 1
134 324 1
38 325 1
113 325 1
38 326 1
91 326 1
38 327 1
100 327 1
38 328 1
100 328 1
12 329 1
38 329 1
38 330 1
67 330 1
39 331 1
117 331 1
20 332 1
38 332 1
38 333 1
113 333 1
38 334 1
67 334 1
38 335 1
126 335 1
38 336 1
50 336 1
103 337 1
108 337 1
38 338 1
105 338 1
38 339 1
113 339 1
38 340 1
130 340 1
50 341 1
54 342 1
129 342 1
38 343 1
67 343 1
38 344 1
100 344 1
38 345 1
74 345 1
38 346 1
44 346 1
38 347 1
130 347 1
38 348 1
129 348 1
38 349 1
130 349 1
19 350 1
38 350 1
38 351 1
129 351 1
38 352 1
118 352 1
16 353 1
38 353 1
38 354 1
130 354 1
12 355 1
38 355 1
38 356 1
129 356 1
38 357 1
105 357 1
38 358 1
142 358 1
91 359 1
18 360 1
38 360 1
16 361 1
93 361 1
38 362 1
129 362 1
103 363 1
38 364 1
113 364 1
38 365 1
134 365 1
38 366 1
50 366 1
12 367 1
38 367 1
38 368 1
56 368 1
93 369 1
134 369 1
38 370 1
65 370 1
38 371 1
74 371 1
38 372 1
74 372 1
3 373 1
38 373 1
67 374 1
123 374 1
54 375 1
130 375 1
113 376 1
117 376 1
28 377 1
38 377 1
28 378 1
38 378 1
38 379 1
130 379 1
38 380 1
121 380 1
38 381 1
39 381 1
18 382 1
38 382 1
38 383 1
44 383 1
126 384 1
38 385 1
50 385 1
40 386 1
67 386 1
38 387 1
64 387 1
12 388 1
38 388 1
38 389 1
48 389 1
38 390 1
74 390 1
16 391 1
38 391 1
122 392 1
38 393 1
139 393 1
38 394 1
121 394 1
54 395 1
129 395 1
26 396 1
38 396 1
38 397 1
141 397 1
38 398 1
103 398 1
54 399 1
130 399 1
129 400 1
38 401 1
74 401 1
38 402 1
96 402 1
38 403 1
42 403 1
38 404 1
44 404 1
38 405 1
43 405 1
38 406 1
43 406 1
38 407 1
44 407 1
38 408 1
92 408 1
14 409 1
38 409 1
38 410 1
92 410 1
26 411 1
93 411 1
85 412 1
129 412 1
8 413 1
129 413 1
38 414 1
121 414 1
38 415 1
100 415 1
38 416 1
100 416 1
34 417 1
38 417 1
38 418 1
130 418 1
12 419 1
85 419 1
85 420 1
103 420 1
38 421 1
44 421 1
49 422 1
134 422 1
38 423 1
50 423 1
38 424 1
44 424 1
38 425 1
44 425 1
69 426 1
130 426 1
38 427 1
131 427 1
38 428 1
130 428 1
12 429 1
38 429 1
54 430 1
67 430 1
5 431 1
38 431 1
12 432 1
38 432 1
38 433 1
129 433 1
38 434 1
44 434 1
16 435 1
38 435 1
38 436 1
50 436 1
38 437 1
39 437 1
3 438 1
38 438 1
20 439 1
38 439 1
85 440 1
134 440 1
1 441 1
38 441 1
38 442 1
67 442 1
38 443 1
65 443 1
15 444 1
26 445 1
38 446 1
44 446 1
38 447 1
64 447 1
38 448 1
65 448 1
38 449 1
43 449 1
16 450 1
57 450 1
38 451 1
118 451 1
38 452 1
65 452 1
38 453 1
129 453 1
38 454 1
130 454 1
20 455 1
38 455 1
12 456 1
38 456 1
38 457 1
65 457 1
38 458 1
130 458 1
38 459 1
105 459 1
38 460 1
121 460 1
13 461 1
38 461 1
44 462 1
54 462 1
38 463 1
74 463 1
38 464 1
100 464 1
12 465 1
38 465 1
38 466 1
139 466 1
38 467 1
126 467 1
12 468 1
117 468 1
38 469 1
130 469 1
38 470 1
56 470 1
38 471 1
92 471 1
19 472 1
67 473 1
19 474 1
38 474 1
38 475 1
67 475 1
38 476 1
42 476 1
38 477 1
129 477 1
38 478 1
122 478 1
19 479 1
38 479 1
38 480 1
67 480 1
38 481 1
113 481 1
38 482 1
72 482 1
44 483 1
38 484 1
130 484 1
38 485 1
39 485 1
42 486 1
108 486 1
38 487 1
134 487 1
130 488 1
126 489 1
38 490 1
68 490 1
38 491 1
42 491 1
91 492 1
9 493 1
38 493 1
65 494 1
85 494 1
38 495 1
130 495 1
28 496 1
38 496 1
3 497 1
38 497 1
38 498 1
134 498 1
26 499 1
38 499 1
34 500 1
38 500 1
10 501 1
38 501 1
38 502 1
113 502 1
12 503 1
38 503 1
38 504 1
84 504 1
38 505 1
97 505 1
38 506 1
129 506 1
19 507 1
38 507 1
38 508 1
73 508 1
38 509 1
129 509 1
3 510 1
38 510 1
38 511 1
113 511 1
38 512 1
130 512 1
34 513 1
38 513 1
38 514 1
136 514 1
12 515 1
38 515 1
38 516 1
113 516 1
9 517 1
38 517 1
16 518 1
67 519 1
7 520 1
38 520 1
38 521 1
118 521 1
141 522 1
38 523 1
100 523 1
38 524 1
97 524 1
19 525 1
38 525 1
38 526 1
100 526 1
38 527 1
39 527 1
12 528 1
38 528 1
38 529 1
65 529 1
38 530 1
129 530 1
38 531 1
67 531 1
38 532 1
65 532 1
70 533 1
38 534 1
74 534 1
38 535 1
100 535 1
38 536 1
134 536 1
38 537 1
134 537 1
118 538 1
12 539 1
38 539 1
38 540 1
134 540 1
38 541 1
70 541 1
38 542 1
130 542 1
38 543 1
84 543 1
38 544 1
78 544 1
28 545 1
38 545 1
38 546 1
134 546 1
38 547 1
67 547 1
38 548 1
44 548 1
38 549 1
134 549 1
16 550 1
38 550 1
123 551 1
130 551 1
38 552 1
129 552 1
38 553 1
74 553 1
38 554 1
42 554 1
38 555 1
100 555 1
38 556 1
65 556 1
12 557 1
38 557 1
38 558 1
141 558 1
9 559 1
38 559 1
38 560 1
121 560 1
85 561 1
129 561 1
38 562 1
140 562 1
38 563 1
101 563 1
19 564 1
38 564 1
38 565 1
141 565 1
38 566 1
113 566 1
12 567 1
57 567 1
38 568 1
137 568 1
38 569 1
60 569 1
12 570 1
93 570 1
3 571 1
38 571 1
38 572 1
129 572 1
38 573 1
84 573 1
26 574 1
38 574 1
38 575 1
86 575 1
38 576 1
42 576 1
14 577 1
57 577 1
38 578 1
39 578 1
38 579 1
130 579 1
15 580 1
38 580 1
50 581 1
108 581 1
38 582 1
60 582 1
12 583 1
38 583 1
12 584 1
38 584 1
38 585 1
39 585 1
38 586 1
50 586 1
38 587 1
141 587 1
38 588 1
118 588 1
19 589 1
38 589 1
38 590 1
84 590 1
38 591 1
140 591 1
38 592 1
130 592 1
38 593 1
130 593 1
38 594 1
95 594 1
38 595 1
141 595 1
13 596 1
12 597 1
38 597 1
38 598 1
129 598 1
38 599 1
73 599 1
12 600 1
85 600 1
38 601 1
121 601 1
38 602 1
44 602 1
15 603 1
38 603 1
19 604 1
38 604 1
8 605 1
67 605 1
67 606 1
38 607 1
41 607 1
12 608 1
38 608 1
38 609 1
75 609 1
38 610 1
130 610 1
38 611 1
130 611 1
38 612 1
105 612 1
85 613 1
105 613 1
38 614 1
141 614 1
38 615 1
121 615 1
0 616 1
65 616 1
38 617 1
65 617 1
38 618 1
39 618 1
38 619 1
136 619 1
117 620 1
141 620 1
38 621 1
39 621 1
18 622 1
38 622 1
134 623 1
38 624 1
100 624 1
3 625 1
38 625 1
20 626 1
38 626 1
19 627 1
38 627 1
38 628 1
95 628 1
38 629 1
113 629 1
38 630 1
91 630 1
38 631 1
65 631 1
44 632 1
38 633 1
113 633 1
38 634 1
100 634 1
38 635 1
94 635 1
38 636 1
110 636 1
38 637 1
118 637 1
19 638 1
12 639 1
54 639 1
38 640 1
134 640 1
38 641 1
134 641 1
38 642 1
134 642 1
38 643 1
113 643 1
38 644 1
100 644 1
38 645 1
129 645 1
16 646 1
38 646 1
12 647 1
38 647 1
65 648 1
67 649 1
27 650 1
38 650 1
38 651 1
122 651 1
26 652 1
38 652 1
44 653 1
124 653 1
38 654 1
100 654 1
38 655 1
76 655 1
38 656 1
131 656 1
139 657 1
38 658 1
65 658 1
38 659 1
74 659 1
68 660 1
38 661 1
121 661 1
38 662 1
73 662 1
12 663 1
38 663 1
27 664 1
38 664 1
38 665 1
105 665 1
93 666 1
103 666 1
38 667 1
50 667 1
18 668 1
38 668 1
38 669 1
130 669 1
16 670 1
38 670 1
38 671 1
78 671 1
12 672 1
124 672 1
38 673 1
105 673 1
117 674 1
134 674 1
38 675 1
65 675 1
38 676 1
65 676 1
38 677 1
42 677 1
28 678 1
38 678 1
38 679 1
65 679 1
38 680 1
74 680 1
92 681 1
38 682 1
121 682 1
38 683 1
56 683 1
60 684 1
38 685 1
73 685 1
93 686 1
134 686 1
38 687 1
112 687 1
38 688 1
44 688 1
26 689 1
38 689 1
38 690 1
112 690 1
38 691 1
130 691 1
38 692 1
121 692 1
12 693 1
85 693 1
38 694 1
105 694 1
27 695 1
38 695 1
12 696 1
38 696 1
28 697 1
38 697 1
44 698 1
38 699 1
42 699 1
121 700 1
12 701 1
85 701 1
38 702 1
68 702 1
20 703 1
38 703 1
38 704 1
105 704 1
38 705 1
67 705 1
38 706 1
138 706 1
38 707 1
100 707 1
14 708 1
38 708 1
38 709 1
134 709 1
38 710 1
100 710 1
38 711 1
100 711 1
38 712 1
130 712 1
38 713 1
44 713 1
38 714 1
113 714 1
38 715 1
130 715 1
19 716 1
38 716 1
38 717 1
65 717 1
85 718 1
129 718 1
38 719 1
113 719 1
12 720 1
123 720 1
38 721 1
76 721 1
38 722 1
74 722 1
27 723 1
38 723 1
38 724 1
129 724 1
38 725 1
67 725 1
47 726 1
67 726 1
38 727 1
39 727 1
12 728 1
54 728 1
38 729 1
39 729 1
38 730 1
103 730 1
44 731 1
38 732 1
86 732 1
38 733 1
67 733 1
117 734 1
121 734 1
12 735 1
38 735 1
38 736 1
44 736 1
26 737 1
38 737 1
38 738 1
129 738 1
38 739 1
129 739 1
38 740 1
67 740 1
38 741 1
129 741 1
38 742 1
73 742 1
38 743 1
130 743 1
38 744 1
44 744 1
67 745 1
38 746 1
43 746 1
38 747 1
61 747 1
85 748 1
134 748 1
38 749 1
77 749 1
34 750 1
38 750 1
38 751 1
84 751 1
38 752 1
70 752 1
38 753 1
139 753 1
38 754 1
67 754 1
12 755 1
69 755 1
38 756 1
134 756 1
38 757 1
131 757 1
67 758 1
18 759 1
38 759 1
38 760 1
103 760 1
38 761 1
131 761 1
38 762 1
121 762 1
38 763 1
67 763 1
38 764 1
48 764 1
20 765 1
38 765 1
54 766 1
67 766 1
129 767 1
38 768 1
67 768 1
38 769 1
43 769 1
38 770 1
121 770 1
7 771 1
38 772 1
43 772 1
3 773 1
38 773 1
38 774 1
91 774 1
38 775 1
65 775 1
38 776 1
39 776 1
15 777 1
93 777 1
38 778 1
50 778 1
68 779 1
18 780 1
38 781 1
121 781 1
47 782 1
67 782 1
47 783 1
129 783 1
130 784 1
57 785 1
92 785 1
38 786 1
122 786 1
26 787 1
38 787 1
38 788 1
130 788 1
38 789 1
113 789 1
38 790 1
73 790 1
27 791 1
38 791 1
38 792 1
50 792 1
16 793 1
38 793 1
38 794 1
134 794 1
38 795 1
67 795 1
38 796 1
52 796 1
38 797 1
92 797 1
38 798 1
110 798 1
38 799 1
113 799 1
38 800 1
122 800 1
44 801 1
38 802 1
73 802 1
38 803 1
82 803 1
113 804 1
38 805 1
141 805 1
38 806 1
112 806 1
16 807 1
38 807 1
38 808 1
105 808 1
38 809 1
105 809 1
38 810 1
48 810 1
38 811 1
67 811 1
38 812 1
74 812 1
38 813 1
130 813 1
38 814 1
100 814 1
27 815 1
38 815 1
26 816 1
85 816 1
38 817 1
113 817 1
38 818 1
130 818 1
19 819 1
38 819 1
44 820 1
117 820 1
38 821 1
100 821 1
67 822 1
38 823 1
42 823 1
18 824 1
38 824 1
38 825 1
103 825 1
3 826 1
38 826 1
112 827 1
38 828 1
139 828 1
38 829 1
74 829 1
3 830 1
38 830 1
14 831 1
38 831 1
54 832 1
121 832 1
93 833 1
112 833 1
38 834 1
50 834 1
38 835 1
113 835 1
38 836 1
42 836 1
113 837 1
28 838 1
38 838 1
93 839 1
129 839 1
38 840 1
73 840 1
38 841 1
39 841 1
38 842 1
67 842 1
38 843 1
73 843 1
15 844 1
18 845 1
38 845 1
123 846 1
129 846 1
38 847 1
126 847 1
38 848 1
75 848 1
38 849 1
67 849 1
54 850 1
113 850 1
38 851 1
134 851 1
20 852 1
38 852 1
123 853 1
137 853 1
38 854 1
127 854 1
38 855 1
130 855 1
67 856 1
38 857 1
65 857 1
20 858 1
108 858 1
27 859 1
38 860 1
129 860 1
38 861 1
105 861 1
40 862 1
134 862 1
38 863 1
113 863 1
27 864 1
108 864 1
38 865 1
113 865 1
28 866 1
38 866 1
50 867 1
38 868 1
134 868 1
54 869 1
67 869 1
12 870 1
67 871 1
85 871 1
6 872 1
74 872 1
38 873 1
100 873 1
19 874 1
38 874 1
38 875 1
129 875 1
34 876 1
38 876 1
38 877 1
137 877 1
38 878 1
42 878 1
28 879 1
38 879 1
38 880 1
61 880 1
19 881 1
38 881 1
38 882 1
137 882 1
5 883 1
38 883 1
16 884 1
38 884 1
20 885 1
38 885 1
38 886 1
67 886 1
129 887 1
18 888 1
38 888 1
54 889 1
129 889 1
38 890 1
73 890 1
38 891 1
113 891 1
38 892 1
65 892 1
12 893 1
38 893 1
38 894 1
129 894 1
38 895 1
74 895 1
8 896 1
134 896 1
38 897 1
113 897 1
47 898 1
74 898 1
38 899 1
74 899 1
38 900 1
86 900 1
134 901 1
38 902 1
140 902 1
18 903 1
38 903 1
20 904 1
38 904 1
38 905 1
42 905 1
19 906 1
38 906 1
38 907 1
78 907 1
12 908 1
38 908 1
38 909 1
136 909 1
38 910 1
113 910 1
38 911 1
113 911 1
38 912 1
121 912 1
38 913 1
129 913 1
38 914 1
129 914 1
38 915 1
74 915 1
38 916 1
73 916 1
117 917 1
129 917 1
38 918 1
112 918 1
20 919 1
38 919 1
38 920 1
74 920 1
3 921 1
38 921 1
38 922 1
91 922 1
131 923 1
38 924 1
100 924 1
38 925 1
101 925 1
38 926 1
67 926 1
38 927 1
105 927 1
38 928 1
122 928 1
38 929 1
73 929 1
10 930 1
38 930 1
54 931 1
134 931 1
16 932 1
38 932 1
123 933 1
134 933 1
26 934 1
38 934 1
38 935 1
67 935 1
38 936 1
68 936 1
38 937 1
103 937 1
130 938 1
74 939 1
117 939 1
47 940 1
73 940 1
17 941 1
67 941 1
93 942 1
122 942 1
38 943 1
134 943 1
38 944 1
65 944 1
38 945 1
94 945 1
20 946 1
38 946 1
38 947 1
92 947 1
38 948 1
44 948 1
38 949 1
130 949 1
38 950 1
42 950 1
12 951 1
38 951 1
38 952 1
67 952 1
15 953 1
38 953 1
38 954 1
94 954 1
38 955 1
130 955 1
67 956 1
27 957 1
38 958 1
129 958 1
16 959 1
38 959 1
38 960 1
74 960 1
38 961 1
94 961 1
38 962 1
65 962 1
38 963 1
67 963 1
38 964 1
134 964 1
38 965 1
65 965 1
38 966 1
127 966 1
38 967 1
43 967 1
65 968 1
38 969 1
113 969 1
130 970 1
38 971 1
113 971 1
0 972 1
73 972 1
38 973 1
130 973 1
38 974 1
67 974 1
38 975 1
134 975 1
38 976 1
92 976 1
38 977 1
100 977 1
38 978 1
92 978 1
67 979 1
117 979 1
38 980 1
70 980 1
38 981 1
113 981 1
12 982 1
38 982 1
38 983 1
129 983 1
38 984 1
113 984 1
65 985 1
38 986 1
65 986 1
38 987 1
67 987 1
38 988 1
44 988 1
38 989 1
134 989 1
38 990 1
73 990 1
38 991 1
44 991 1
38 992 1
70 992 1
38 993 1
44 993 1
67 994 1
85 994 1
38 995 1
67 995 1
38 996 1
75 996 1
38 997 1
141 997 1
38 998 1
42 998 1
12 999 1
38 999 1
