38 0 1
68 0 1
38 1 1
134 1 1
26 2 1
38 2 1
38 3 1
130 3 1
38 4 1
67 4 1
38 5 1
134 5 1
34 6 1
38 6 1
12 7 1
38 7 1
38 8 1
50 8 1
16 9 1
38 9 1
38 10 1
39 10 1
38 11 1
100 11 1
38 12 1
42 12 1
38 13 1
121 13 1
38 14 1
74 14 1
38 15 1
73 15 1
38 16 1
141 16 1
38 17 1
91 17 1
16 18 1
38 18 1
3 19 1
38 20 1
113 20 1
12 21 1
38 21 1
38 22 1
113 22 1
38 23 1
110 23 1
27 24 1
38 24 1
16 25 1
38 25 1
38 26 1
44 26 1
38 27 1
74 27 1
38 28 1
39 28 1
38 29 1
73 29 1
38 30 1
74 30 1
12 31 1
54 31 1
38 32 1
113 32 1
38 33 1
100 33 1
38 34 1
130 34 1
18 35 1
38 35 1
38 36 1
134 36 1
38 37 1
134 37 1
38 38 1
121 38 1
85 39 1
105 39 1
38 40 1
86 40 1
38 41 1
67 41 1
100 42 1
123 42 1
113 43 1
123 43 1
38 44 1
134 44 1
38 45 1
105 45 1
27 46 1
38 46 1
38 47 1
39 47 1
38 48 1
67 48 1
27 49 1
38 49 1
38 50 1
39 50 1
19 51 1
38 51 1
54 52 1
129 52 1
38 53 1
113 53 1
19 54 1
38 54 1
67 55 1
85 55 1
38 56 1
129 56 1
54 57 1
113 57 1
54 58 1
141 58 1
38 59 1
121 59 1
74 60 1
117 60 1
38 61 1
127 61 1
54 62 1
129 62 1
123 63 1
129 63 1
38 64 1
129 64 1
54 65 1
134 65 1
27 66 1
38 66 1
38 67 1
39 67 1
19 68 1
38 69 1
137 69 1
38 70 1
74 70 1
38 71 1
112 71 1
123 72 1
129 72 1
38 73 1
103 73 1
28 74 1
38 74 1
38 75 1
100 75 1
38 76 1
103 76 1
38 77 1
129 77 1
38 78 1
121 78 1
38 79 1
67 79 1
38 80 1
141 80 1
38 81 1
134 81 1
38 82 1
129 82 1
123 83 1
141 83 1
16 84 1
38 84 1
28 85 1
38 85 1
38 86 1
50 86 1
38 87 1
113 87 1
38 88 1
113 88 1
38 89 1
65 89 1
38 90 1
112 90 1
7 91 1
38 92 1
113 92 1
38 93 1
134 93 1
38 94 1
65 94 1
50 95 1
38 96 1
129 96 1
38 97 1
121 97 1
38 98 1
126 98 1
15 99 1
38 99 1
38 100 1
113 100 1
38 101 1
73 101 1
8 102 1
130 102 1
12 103 1
38 103 1
26 104 1
38 104 1
12 105 1
38 105 1
54 106 1
129 106 1
15 107 1
38 107 1
134 108 1
42 109 1
26 110 1
108 110 1
38 111 1
138 111 1
54 112 1
67 112 1
38 113 1
100 113 1
38 114 1
121 114 1
38 115 1
60 115 1
16 116 1
38 116 1
3 117 1
38 117 1
38 118 1
67 118 1
9 119 1
17 119 1
38 120 1
100 120 1
38 121 1
92 121 1
18 122 1
38 122 1
12 123 1
38 123 1
38 124 1
113 124 1
12 125 1
54 125 1
42 126 1
38 127 1
130 127 1
38 128 1
74 128 1
67 129 1
117 129 1
12 130 1
38 130 1
38 131 1
44 131 1
54 132 1
141 132 1
38 133 1
44 133 1
12 134 1
38 134 1
3 135 1
117 135 1
38 136 1
129 136 1
38 137 1
74 137 1
38 138 1
67 138 1
38 139 1
67 139 1
54 140 1
129 140 1
38 141 1
100 141 1
38 142 1
134 142 1
38 143 1
130 143 1
38 144 1
100 144 1
93 145 1
134 145 1
12 146 1
38 146 1
48 147 1
119 147 1
38 148 1
67 148 1
38 149 1
67 149 1
90 150 1
130 150 1
92 151 1
38 152 1
118 152 1
19 153 1
38 153 1
38 154 1
113 154 1
38 155 1
50 155 1
38 156 1
113 156 1
8 157 1
44 157 1
38 158 1
56 158 1
34 159 1
38 159 1
38 160 1
67 160 1
38 161 1
129 161 1
38 162 1
67 162 1
18 163 1
38 163 1
38 164 1
112 164 1
47 165 1
67 165 1
65 166 1
38 167 1
129 167 1
38 168 1
65 168 1
38 169 1
129 169 1
7 170 1
38 170 1
38 171 1
56 171 1
12 172 1
38 172 1
93 173 1
100 173 1
38 174 1
68 174 1
38 175 1
121 175 1
38 176 1
121 176 1
63 177 1
130 177 1
38 178 1
134 178 1
38 179 1
50 179 1
38 180 1
73 180 1
38 181 1
139 181 1
38 182 1
142 182 1
51 183 1
67 183 1
38 184 1
103 184 1
38 185 1
67 185 1
47 186 1
65 186 1
38 187 1
67 187 1
67 188 1
38 189 1
105 189 1
38 190 1
70 190 1
15 191 1
38 191 1
12 192 1
121 193 1
27 194 1
38 194 1
3 195 1
38 196 1
74 196 1
38 197 1
100 197 1
38 198 1
129 198 1
85 199 1
129 199 1
12 200 1
117 200 1
38 201 1
103 201 1
40 202 1
67 202 1
38 203 1
130 203 1
38 204 1
130 204 1
12 205 1
38 205 1
38 206 1
100 206 1
38 207 1
130 207 1
38 208 1
56 208 1
14 209 1
38 209 1
34 210 1
38 210 1
38 211 1
129 211 1
16 212 1
38 212 1
38 213 1
112 213 1
38 214 1
61 214 1
16 215 1
38 215 1
38 216 1
50 216 1
27 217 1
38 217 1
38 218 1
64 218 1
38 219 1
127 219 1
67 220 1
69 220 1
38 221 1
134 221 1
16 222 1
38 222 1
134 223 1
38 224 1
113 224 1
0 225 1
130 225 1
12 226 1
38 226 1
38 227 1
94 227 1
3 228 1
38 228 1
38 229 1
65 229 1
18 230 1
38 230 1
38 231 1
65 231 1
38 232 1
67 232 1
50 233 1
54 234 1
67 234 1
38 235 1
129 235 1
38 236 1
74 236 1
38 237 1
100 237 1
54 238 1
67 238 1
65 239 1
123 239 1
12 240 1
123 240 1
38 241 1
105 241 1
100 242 1
123 242 1
28 243 1
38 243 1
38 244 1
113 244 1
0 245 1
73 245 1
113 246 1
38 247 1
74 247 1
38 248 1
121 248 1
38 249 1
97 249 1
38 250 1
130 250 1
38 251 1
68 251 1
38 252 1
130 252 1
38 253 1
113 253 1
91 254 1
117 254 1
20 255 1
38 256 1
134 256 1
38 257 1
39 257 1
123 258 1
129 258 1
38 259 1
103 259 1
85 260 1
129 260 1
38 261 1
44 261 1
38 262 1
39 262 1
38 263 1
105 263 1
27 264 1
38 264 1
38 265 1
112 265 1
27 266 1
38 266 1
38 267 1
130 267 1
64 268 1
44 269 1
38 270 1
44 270 1
38 271 1
105 271 1
16 272 1
38 272 1
38 273 1
65 273 1
38 274 1
141 274 1
16 275 1
38 275 1
15 276 1
38 276 1
38 277 1
43 277 1
38 278 1
105 278 1
12 279 1
85 279 1
38 280 1
137 280 1
42 281 1
134 282 1
38 283 1
134 283 1
16 284 1
38 284 1
38 285 1
100 285 1
38 286 1
67 286 1
38 287 1
100 287 1
100 288 1
38 289 1
130 289 1
38 290 1
121 290 1
28 291 1
38 292 1
134 292 1
38 293 1
103 293 1
38 294 1
86 294 1
103 295 1
38 296 1
131 296 1
38 297 1
60 297 1
38 298 1
78 298 1
38 299 1
134 299 1
26 300 1
38 300 1
34 301 1
38 301 1
18 302 1
38 302 1
27 303 1
38 303 1
134 304 1
3 305 1
38 305 1
38 306 1
75 306 1
38 307 1
73 307 1
38 308 1
122 308 1
38 309 1
68 309 1
38 310 1
74 310 1
88 311 1
38 312 1
130 312 1
85 313 1
112 313 1
127 314 1
28 315 1
38 315 1
38 316 1
65 316 1
85 317 1
129 317 1
43 318 1
38 319 1
44 319 1
61 320 1
38 321 1
44 321 1
3 322 1
38 322 1
38 323 1
139 323 1
34 324 1
38 325 1
100 325 1
12 326 1
38 326 1
38 327 1
139 327 1
85 328 1
130 328 1
18 329 1
38 329 1
38 330 1
97 330 1
38 331 1
103 331 1
38 332 1
95 332 1
10 333 1
38 333 1
38 334 1
134 334 1
54 335 1
100 335 1
38 336 1
78 336 1
20 337 1
22 337 1
19 338 1
38 338 1
38 339 1
101 339 1
1 340 1
38 340 1
38 341 1
68 341 1
38 342 1
43 342 1
38 343 1
100 343 1
67 344 1
87 344 1
12 345 1
38 345 1
1 346 1
38 346 1
7 347 1
15 348 1
38 348 1
28 349 1
38 349 1
8 350 1
16 350 1
38 351 1
68 351 1
38 352 1
48 352 1
54 353 1
67 353 1
54 354 1
129 354 1
38 355 1
44 355 1
38 356 1
74 356 1
38 357 1
44 357 1
38 358 1
113 358 1
38 359 1
73 359 1
38 360 1
134 360 1
38 361 1
50 361 1
38 362 1
67 362 1
38 363 1
129 363 1
38 364 1
86 364 1
48 365 1
38 366 1
91 366 1
18 367 1
38 367 1
127 368 1
38 369 1
134 369 1
103 370 1
38 371 1
44 371 1
73 372 1
65 373 1
85 374 1
129 374 1
38 375 1
65 375 1
38 376 1
113 376 1
38 377 1
139 377 1
12 378 1
38 378 1
3 379 1
38 379 1
127 380 1
38 381 1
65 381 1
27 382 1
38 382 1
38 383 1
74 383 1
129 384 1
38 385 1
76 385 1
38 386 1
121 386 1
38 387 1
129 387 1
18 388 1
38 388 1
3 389 1
38 389 1
19 390 1
38 390 1
19 391 1
54 391 1
38 392 1
65 392 1
38 393 1
65 393 1
38 394 1
64 394 1
38 395 1
121 395 1
38 396 1
129 396 1
137 397 1
38 398 1
129 398 1
12 399 1
38 399 1
20 400 1
38 400 1
27 401 1
38 401 1
38 402 1
74 402 1
85 403 1
130 403 1
16 404 1
38 404 1
38 405 1
74 405 1
38 406 1
113 406 1
54 407 1
129 407 1
40 408 1
92 408 1
38 409 1
112 409 1
54 410 1
130 410 1
38 411 1
121 411 1
38 412 1
137 412 1
38 413 1
114 413 1
18 414 1
57 414 1
85 415 1
121 415 1
38 416 1
134 416 1
38 417 1
100 417 1
38 418 1
105 418 1
38 419 1
50 419 1
18 420 1
38 420 1
38 421 1
39 421 1
54 422 1
100 422 1
38 423 1
129 423 1
38 424 1
41 424 1
28 425 1
38 425 1
20 426 1
38 426 1
38 427 1
65 427 1
38 428 1
100 428 1
38 429 1
44 429 1
38 430 1
73 430 1
19 431 1
38 431 1
38 432 1
74 432 1
38 433 1
74 433 1
38 434 1
92 434 1
38 435 1
67 435 1
38 436 1
103 436 1
26 437 1
38 437 1
67 438 1
38 439 1
73 439 1
139 440 1
38 441 1
65 441 1
38 442 1
130 442 1
38 443 1
134 443 1
38 444 1
74 444 1
38 445 1
43 445 1
38 446 1
105 446 1
77 447 1
38 448 1
137 448 1
19 449 1
38 449 1
38 450 1
130 450 1
27 451 1
38 451 1
38 452 1
73 452 1
38 453 1
121 453 1
20 454 1
38 454 1
38 455 1
95 455 1
12 456 1
38 456 1
38 457 1
100 457 1
38 458 1
121 458 1
16 459 1
38 459 1
38 460 1
129 460 1
38 461 1
134 461 1
26 462 1
38 462 1
38 463 1
50 463 1
20 464 1
38 464 1
38 465 1
96 465 1
38 466 1
129 466 1
38 467 1
121 467 1
38 468 1
67 468 1
38 469 1
65 469 1
38 470 1
65 470 1
38 471 1
39 471 1
38 472 1
129 472 1
38 473 1
43 473 1
38 474 1
129 474 1
20 475 1
38 475 1
38 476 1
65 476 1
20 477 1
38 477 1
38 478 1
126 478 1
38 479 1
86 479 1
27 480 1
38 480 1
38 481 1
89 481 1
38 482 1
42 482 1
38 483 1
39 483 1
38 484 1
122 484 1
54 485 1
129 485 1
38 486 1
48 486 1
38 487 1
130 487 1
75 488 1
38 489 1
67 489 1
38 490 1
100 490 1
38 491 1
65 491 1
38 492 1
138 492 1
12 493 1
38 493 1
38 494 1
73 494 1
38 495 1
113 495 1
39 496 1
20 497 1
38 497 1
38 498 1
112 498 1
38 499 1
44 499 1
67 500 1
85 500 1
38 501 1
43 501 1
38 502 1
65 502 1
16 503 1
38 503 1
67 504 1
38 505 1
130 505 1
3 506 1
38 506 1
38 507 1
48 507 1
38 508 1
64 508 1
54 509 1
121 509 1
3 510 1
116 510 1
39 511 1
38 512 1
42 512 1
38 513 1
65 513 1
74 514 1
38 515 1
134 515 1
38 516 1
67 516 1
117 517 1
121 517 1
20 518 1
38 518 1
38 519 1
67 519 1
12 520 1
38 520 1
38 521 1
103 521 1
12 522 1
38 522 1
38 523 1
65 523 1
65 524 1
38 525 1
134 525 1
38 526 1
100 526 1
67 527 1
93 527 1
27 528 1
38 528 1
38 529 1
113 529 1
93 530 1
103 530 1
9 531 1
38 531 1
1 532 1
38 532 1
38 533 1
41 533 1
27 534 1
1 535 1
38 535 1
18 536 1
38 536 1
38 537 1
74 537 1
38 538 1
113 538 1
38 539 1
61 539 1
7 540 1
38 540 1
90 541 1
103 541 1
38 542 1
121 542 1
38 543 1
42 543 1
12 544 1
38 544 1
38 545 1
44 545 1
113 546 1
38 547 1
113 547 1
38 548 1
74 548 1
38 549 1
103 549 1
38 550 1
50 550 1
50 551 1
85 551 1
38 552 1
91 552 1
38 553 1
39 553 1
38 554 1
39 554 1
34 555 1
12 556 1
38 556 1
100 557 1
18 558 1
38 559 1
76 559 1
13 560 1
38 560 1
38 561 1
50 561 1
40 562 1
77 562 1
9 563 1
38 563 1
38 564 1
100 564 1
38 565 1
86 565 1
139 566 1
38 567 1
131 567 1
38 568 1
134 568 1
27 569 1
38 569 1
27 570 1
38 570 1
17 571 1
129 571 1
38 572 1
103 572 1
38 573 1
67 573 1
38 574 1
112 574 1
67 575 1
85 575 1
38 576 1
113 576 1
54 577 1
121 577 1
38 578 1
100 578 1
3 579 1
123 579 1
13 580 1
38 580 1
38 581 1
68 581 1
38 582 1
129 582 1
38 583 1
67 583 1
18 584 1
38 584 1
140 585 1
20 586 1
38 586 1
38 587 1
103 587 1
38 588 1
130 588 1
38 589 1
73 589 1
70 590 1
38 591 1
70 591 1
38 592 1
64 592 1
38 593 1
86 593 1
14 594 1
38 594 1
38 595 1
114 595 1
38 596 1
118 596 1
38 597 1
84 597 1
38 598 1
86 598 1
38 599 1
95 599 1
9 600 1
38 600 1
12 601 1
124 601 1
18 602 1
38 602 1
38 603 1
130 603 1
38 604 1
97 604 1
138 605 1
12 606 1
38 606 1
14 607 1
38 607 1
97 608 1
38 609 1
141 609 1
126 610 1
3 611 1
38 611 1
38 612 1
121 612 1
38 613 1
129 613 1
38 614 1
101 614 1
38 615 1
39 615 1
19 616 1
38 616 1
38 617 1
78 617 1
44 618 1
1 619 1
38 619 1
38 620 1
65 620 1
113 621 1
124 621 1
19 622 1
38 622 1
38 623 1
92 623 1
27 624 1
38 624 1
38 625 1
126 625 1
103 626 1
39 627 1
44 628 1
54 628 1
38 629 1
68 629 1
18 630 1
38 630 1
38 631 1
130 631 1
38 632 1
75 632 1
20 633 1
38 633 1
38 634 1
122 634 1
38 635 1
101 635 1
12 636 1
38 636 1
105 637 1
38 638 1
43 638 1
38 639 1
105 639 1
38 640 1
68 640 1
38 641 1
141 641 1
38 642 1
103 642 1
18 643 1
57 643 1
38 644 1
65 644 1
38 645 1
112 645 1
34 646 1
18 647 1
38 647 1
38 648 1
121 648 1
38 649 1
130 649 1
38 650 1
92 650 1
38 651 1
114 651 1
28 652 1
38 652 1
38 653 1
78 653 1
54 654 1
67 654 1
38 655 1
126 655 1
85 656 1
130 656 1
38 657 1
121 657 1
121 658 1
38 659 1
113 659 1
38 660 1
113 660 1
38 661 1
134 661 1
38 662 1
68 662 1
38 663 1
44 663 1
38 664 1
103 664 1
38 665 1
143 665 1
38 666 1
42 666 1
68 667 1
74 668 1
85 668 1
38 669 1
39 669 1
34 670 1
38 670 1
38 671 1
127 671 1
38 672 1
76 672 1
19 673 1
38 673 1
38 674 1
77 674 1
38 675 1
52 675 1
38 676 1
113 676 1
65 677 1
117 677 1
38 678 1
39 678 1
38 679 1
121 679 1
75 680 1
38 681 1
141 681 1
103 682 1
38 683 1
44 683 1
54 684 1
134 684 1
12 685 1
38 685 1
19 686 1
38 686 1
38 687 1
65 687 1
54 688 1
67 688 1
28 689 1
38 689 1
38 690 1
41 690 1
41 691 1
19 692 1
38 692 1
105 693 1
117 693 1
95 694 1
38 695 1
134 695 1
38 696 1
114 696 1
38 697 1
48 697 1
38 698 1
56 698 1
38 699 1
44 699 1
38 700 1
121 700 1
12 701 1
38 701 1
117 702 1
129 702 1
93 703 1
134 703 1
12 704 1
85 704 1
139 705 1
26 706 1
38 706 1
38 707 1
105 707 1
56 708 1
19 709 1
38 709 1
38 710 1
74 710 1
27 711 1
38 711 1
38 712 1
112 712 1
38 713 1
100 713 1
38 714 1
50 714 1
38 715 1
74 715 1
43 716 1
38 717 1
42 717 1
20 718 1
38 719 1
137 719 1
38 720 1
114 720 1
26 721 1
38 721 1
38 722 1
100 722 1
38 723 1
137 723 1
3 724 1
38 724 1
38 725 1
130 725 1
38 726 1
44 726 1
15 727 1
93 727 1
38 728 1
100 728 1
18 729 1
38 729 1
38 730 1
134 730 1
38 731 1
115 731 1
38 732 1
94 732 1
38 733 1
140 733 1
102 734 1
7 735 1
38 735 1
38 736 1
73 736 1
16 737 1
57 737 1
38 738 1
65 738 1
38 739 1
42 739 1
19 740 1
38 740 1
38 741 1
141 741 1
2 742 1
95 742 1
134 743 1
26 744 1
12 745 1
38 746 1
113 746 1
0 747 1
74 747 1
38 748 1
100 748 1
7 749 1
38 749 1
38 750 1
121 750 1
38 751 1
129 751 1
38 752 1
101 752 1
54 753 1
134 753 1
43 754 1
108 754 1
38 755 1
44 755 1
38 756 1
48 756 1
38 757 1
138 757 1
34 758 1
38 758 1
38 759 1
39 759 1
38 760 1
139 760 1
12 761 1
38 761 1
9 762 1
38 762 1
38 763 1
134 763 1
38 764 1
129 764 1
20 765 1
38 765 1
38 766 1
129 766 1
38 767 1
113 767 1
3 768 1
38 768 1
73 769 1
108 769 1
27 770 1
38 770 1
38 771 1
39 771 1
38 772 1
65 772 1
38 773 1
43 773 1
38 774 1
136 774 1
12 775 1
38 775 1
38 776 1
130 776 1
38 777 1
95 777 1
57 778 1
76 778 1
12 779 1
38 779 1
27 780 1
38 781 1
100 781 1
38 782 1
141 782 1
60 783 1
38 784 1
43 784 1
74 785 1
116 785 1
54 786 1
67 786 1
38 787 1
48 787 1
65 788 1
38 789 1
44 789 1
38 790 1
67 790 1
38 791 1
140 791 1
38 792 1
118 792 1
38 793 1
129 793 1
3 794 1
38 794 1
130 795 1
42 796 1
135 796 1
3 797 1
38 797 1
38 798 1
73 798 1
12 799 1
117 799 1
38 800 1
121 800 1
141 801 1
38 802 1
103 802 1
38 803 1
43 803 1
38 804 1
122 804 1
38 805 1
75 805 1
113 806 1
132 806 1
38 807 1
129 807 1
38 808 1
129 808 1
18 809 1
38 809 1
27 810 1
38 810 1
38 811 1
130 811 1
98 812 1
121 812 1
38 813 1
67 813 1
38 814 1
129 814 1
38 815 1
100 815 1
38 816 1
134 816 1
38 817 1
134 817 1
47 818 1
130 818 1
38 819 1
129 819 1
38 820 1
130 820 1
19 821 1
38 821 1
38 822 1
100 822 1
38 823 1
130 823 1
38 824 1
134 824 1
38 825 1
67 825 1
38 826 1
130 826 1
38 827 1
92 827 1
38 828 1
67 828 1
38 829 1
130 829 1
38 830 1
112 830 1
38 831 1
130 831 1
38 832 1
100 832 1
38 833 1
113 833 1
125 834 1
134 834 1
38 835 1
94 835 1
3 836 1
38 836 1
38 837 1
42 837 1
38 838 1
121 838 1
129 839 1
38 840 1
65 840 1
15 841 1
38 841 1
38 842 1
134 842 1
73 843 1
38 844 1
74 844 1
38 845 1
129 845 1
38 846 1
39 846 1
38 847 1
73 847 1
12 848 1
38 848 1
38 849 1
113 849 1
38 850 1
100 850 1
12 851 1
38 851 1
3 852 1
38 852 1
38 853 1
65 853 1
113 854 1
85 855 1
103 855 1
12 856 1
38 856 1
121 857 1
123 857 1
27 858 1
123 858 1
85 859 1
129 859 1
38 860 1
113 860 1
38 861 1
129 861 1
54 862 1
129 862 1
38 863 1
113 863 1
38 864 1
42 864 1
20 865 1
38 865 1
38 866 1
129 866 1
47 867 1
113 867 1
38 868 1
112 868 1
38 869 1
130 869 1
18 870 1
38 870 1
38 871 1
44 871 1
113 872 1
38 873 1
112 873 1
38 874 1
129 874 1
38 875 1
100 875 1
12 876 1
12 877 1
38 877 1
12 878 1
38 878 1
8 879 1
105 879 1
18 880 1
38 880 1
12 881 1
123 881 1
38 882 1
113 882 1
38 883 1
100 883 1
38 884 1
121 884 1
20 885 1
38 885 1
38 886 1
42 886 1
38 887 1
129 887 1
38 888 1
121 888 1
38 889 1
73 889 1
38 890 1
134 890 1
38 891 1
74 891 1
38 892 1
134 892 1
105 893 1
117 893 1
38 894 1
139 894 1
38 895 1
56 895 1
38 896 1
113 896 1
57 897 1
130 897 1
38 898 1
74 898 1
38 899 1
44 899 1
38 900 1
130 900 1
38 901 1
44 901 1
67 902 1
38 903 1
129 903 1
44 904 1
38 905 1
131 905 1
38 906 1
129 906 1
15 907 1
38 907 1
65 908 1
38 909 1
67 909 1
38 910 1
42 910 1
16 911 1
38 911 1
38 912 1
121 912 1
27 913 1
119 913 1
20 914 1
38 914 1
38 915 1
39 915 1
67 916 1
104 916 1
38 917 1
105 917 1
38 918 1
121 918 1
19 919 1
38 919 1
123 920 1
141 920 1
38 921 1
44 921 1
130 922 1
67 923 1
85 923 1
19 924 1
38 924 1
3 925 1
38 925 1
12 926 1
38 926 1
38 927 1
67 927 1
123 928 1
129 928 1
38 929 1
129 929 1
137 930 1
12 931 1
38 931 1
3 932 1
38 932 1
38 933 1
121 933 1
38 934 1
73 934 1
12 935 1
38 935 1
65 936 1
38 937 1
134 937 1
34 938 1
12 939 1
38 939 1
44 940 1
117 940 1
38 941 1
42 941 1
38 942 1
130 942 1
38 943 1
67 943 1
38 944 1
129 944 1
27 945 1
38 945 1
38 946 1
74 946 1
38 947 1
67 947 1
38 948 1
121 948 1
19 949 1
38 949 1
38 950 1
67 950 1
38 951 1
139 951 1
38 952 1
100 952 1
38 953 1
64 953 1
38 954 1
130 954 1
121 955 1
38 956 1
130 956 1
38 957 1
100 957 1
38 958 1
100 958 1
38 959 1
141 959 1
38 960 1
65 960 1
38 961 1
42 961 1
38 962 1
65 962 1
38 963 1
134 963 1
38 964 1
136 964 1
38 965 1
67 965 1
38 966 1
65 966 1
117 967 1
121 967 1
38 968 1
86 968 1
38 969 1
91 969 1
38 970 1
113 970 1
38 971 1
65 971 1
38 972 1
113 972 1
38 973 1
74 973 1
38 974 1
43 974 1
20 975 1
38 975 1
12 976 1
38 976 1
38 977 1
73 977 1
38 978 1
94 978 1
38 979 1
105 979 1
38 980 1
105 980 1
38 981 1
130 981 1
19 982 1
54 982 1
38 983 1
136 983 1
38 984 1
100 984 1
38 985 1
65 985 1
18 986 1
38 986 1
38 987 1
70 987 1
3 988 1
93 988 1
121 989 1
16 990 1
38 991 1
42 991 1
28 992 1
38 992 1
38 993 1
121 993 1
38 994 1
134 994 1
65 995 1
123 995 1
38 996 1
68 996 1
38 997 1
134 997 1
38 998 1
129 998 1
38 999 1
43 999 1
