185 0 5.000000
383 0 3.000000
386 0 4.000000
410 0 3.000000
495 0 4.000000
22 1 3.000000
164 1 3.000000
386 1 4.000000
67 2 3.000000
185 2 5.000000
401 2 4.000000
208 6 4.000000
217 9 4.000000
189 12 3.000000
438 12 4.000000
9 17 3.000000
35 17 4.000000
58 17 4.000000
191 17 4.000000
249 17 4.000000
142 20 2.000000
201 20 4.000000
185 22 4.000000
41 23 4.000000
414 23 3.000000
185 25 4.000000
319 25 4.000000
335 25 5.000000
363 25 4.000000
400 25 4.000000
408 25 3.000000
414 25 5.000000
131 29 4.000000
386 31 2.000000
142 34 3.000000
408 34 5.000000
160 35 4.000000
414 35 4.000000
429 35 5.000000
414 38 5.000000
284 44 2.000000
495 44 1.000000
414 46 5.000000
201 47 5.000000
251 47 3.000000
363 47 4.000000
32 49 4.000000
47 49 3.000000
50 49 4.000000
67 49 4.000000
93 49 4.000000
142 49 4.000000
185 49 4.000000
269 49 5.000000
408 49 2.000000
410 49 4.000000
494 49 3.000000
495 49 5.000000
26 50 3.000000
41 50 4.000000
50 50 5.000000
67 50 4.000000
69 50 4.000000
142 50 4.000000
168 50 3.000000
495 50 3.000000
8 52 3.000000
12 52 3.000000
13 52 3.000000
15 52 5.000000
16 52 3.000000
20 52 4.000000
23 52 4.000000
24 52 4.000000
39 52 4.000000
40 52 2.000000
43 52 1.000000
47 52 3.000000
51 52 3.000000
54 52 3.000000
56 52 4.000000
64 52 3.000000
66 52 3.000000
81 52 4.000000
82 52 5.000000
84 52 2.000000
89 52 3.000000
96 52 3.000000
97 52 3.000000
100 52 4.000000
103 52 4.000000
105 52 4.000000
112 52 4.000000
119 52 3.000000
120 52 3.000000
122 52 4.000000
131 52 5.000000
136 52 5.000000
138 52 4.000000
141 52 4.000000
142 52 4.000000
144 52 4.000000
146 52 5.000000
161 52 3.000000
170 52 4.000000
181 52 4.000000
185 52 3.000000
190 52 4.000000
195 52 3.000000
196 52 5.000000
200 52 3.000000
201 52 4.000000
202 52 4.000000
203 52 3.000000
204 52 3.000000
208 52 1.000000
209 52 4.000000
210 52 5.000000
212 52 4.000000
214 52 4.000000
216 52 3.000000
217 52 4.000000
218 52 5.000000
233 52 5.000000
238 52 4.000000
239 52 3.000000
245 52 5.000000
246 52 5.000000
248 52 3.000000
250 52 3.000000
251 52 2.000000
253 52 4.000000
262 52 5.000000
275 52 3.000000
276 52 4.000000
279 52 4.000000
291 52 4.000000
294 52 4.000000
295 52 4.000000
296 52 2.000000
312 52 3.000000
314 52 1.000000
328 52 4.000000
333 52 4.000000
336 52 2.000000
337 52 4.000000
338 52 4.000000
343 52 5.000000
345 52 4.000000
350 52 5.000000
358 52 4.000000
362 52 4.000000
363 52 4.000000
368 52 4.000000
371 52 3.000000
372 52 4.000000
375 52 1.000000
389 52 3.000000
391 52 4.000000
394 52 4.000000
396 52 5.000000
402 52 3.000000
404 52 4.000000
411 52 3.000000
414 52 5.000000
415 52 3.000000
416 52 4.000000
417 52 4.000000
425 52 3.000000
434 52 4.000000
435 52 4.000000
437 52 4.000000
440 52 4.000000
445 52 4.000000
448 52 4.000000
455 52 4.000000
458 52 2.000000
459 52 3.000000
469 52 4.000000
470 52 3.000000
471 52 4.000000
472 52 3.000000
493 52 5.000000
24 57 2.000000
50 57 1.000000
62 57 3.000000
92 57 5.000000
128 57 4.000000
135 57 5.000000
249 57 3.000000
287 57 3.000000
319 57 4.000000
360 57 2.000000
386 57 3.000000
387 57 3.000000
390 57 3.000000
414 57 3.000000
420 57 4.000000
495 57 1.000000
137 60 3.000000
112 62 2.000000
131 62 3.000000
149 62 4.000000
318 69 3.000000
351 69 4.000000
383 69 3.000000
414 70 4.000000
414 73 4.000000
438 73 2.000000
495 73 3.000000
208 76 2.000000
10 82 4.000000
26 82 4.000000
81 82 3.000000
122 82 4.000000
146 82 3.000000
185 82 3.000000
195 82 4.000000
201 82 5.000000
228 82 4.000000
276 82 4.000000
312 82 3.000000
342 82 3.000000
352 82 4.000000
363 82 3.000000
367 82 3.000000
380 82 5.000000
385 82 3.000000
391 82 2.000000
398 82 3.000000
407 82 4.000000
412 82 5.000000
414 82 5.000000
448 82 3.000000
452 82 3.000000
8 84 2.000000
383 84 4.000000
207 85 3.000000
9 86 2.000000
120 86 5.000000
142 86 4.000000
146 86 4.000000
402 86 3.000000
414 86 2.000000
495 86 2.000000
107 89 3.000000
142 89 4.000000
201 89 4.000000
494 89 3.000000
316 92 1.000000
410 92 3.000000
57 95 4.000000
201 95 5.000000
204 95 4.000000
353 95 4.000000
444 95 4.000000
201 99 4.000000
201 101 1.000000
24 102 2.000000
39 102 2.000000
51 102 2.000000
82 102 3.000000
94 102 2.000000
185 102 3.000000
390 102 4.000000
414 102 2.000000
420 102 3.000000
455 102 2.000000
399 103 3.000000
408 103 5.000000
414 103 5.000000
9 106 4.000000
55 108 2.000000
142 108 3.000000
388 108 2.000000
438 108 5.000000
67 110 3.000000
495 110 3.000000
426 112 1.000000
95 114 3.000000
185 114 4.000000
438 114 4.000000
494 114 3.000000
386 116 2.000000
267 117 4.000000
53 118 3.000000
142 118 3.000000
173 119 4.000000
429 119 5.000000
8 120 4.000000
492 121 2.000000
41 122 3.000000
109 122 3.000000
137 122 3.000000
332 122 2.000000
401 122 4.000000
408 122 3.000000
410 122 4.000000
414 122 3.000000
185 125 3.000000
438 125 5.000000
104 127 2.000000
142 127 2.000000
28 129 3.000000
185 129 5.000000
346 129 3.000000
430 129 4.000000
455 129 3.000000
475 129 4.000000
23 131 4.000000
185 131 4.000000
264 131 4.000000
278 131 4.000000
414 131 5.000000
495 131 4.000000
10 136 4.000000
51 136 1.000000
53 136 2.000000
66 136 3.000000
74 136 4.000000
84 136 3.000000
132 136 4.000000
178 136 3.000000
201 136 2.000000
208 136 3.000000
236 136 3.000000
245 136 5.000000
251 136 4.000000
359 136 3.000000
384 136 2.000000
398 136 4.000000
407 136 3.000000
408 136 3.000000
412 136 5.000000
414 136 5.000000
420 136 4.000000
423 136 5.000000
437 136 3.000000
438 136 3.000000
461 136 1.000000
185 137 5.000000
386 137 3.000000
399 137 5.000000
50 138 4.000000
53 138 3.000000
75 138 3.000000
302 138 2.000000
387 138 3.000000
425 138 2.000000
431 138 3.000000
432 138 3.000000
490 138 2.000000
495 138 2.000000
131 139 4.000000
190 139 4.000000
308 139 4.000000
360 139 4.000000
399 139 4.000000
408 139 5.000000
411 139 3.000000
414 139 4.000000
17 140 5.000000
161 140 5.000000
178 140 5.000000
267 140 5.000000
340 140 4.000000
25 141 3.000000
168 141 4.000000
413 141 1.000000
494 141 2.000000
80 143 3.000000
353 143 2.000000
375 143 2.000000
400 143 4.000000
185 144 5.000000
322 144 1.000000
387 144 4.000000
438 144 4.000000
495 144 4.000000
494 145 3.000000
9 146 2.000000
33 146 3.000000
50 146 4.000000
269 146 4.000000
389 146 5.000000
414 146 5.000000
426 146 3.000000
495 146 3.000000
231 148 3.000000
226 149 3.000000
13 150 4.000000
270 151 3.000000
495 153 5.000000
67 154 4.000000
67 158 5.000000
185 158 5.000000
389 158 4.000000
41 159 4.000000
89 160 2.000000
17 161 3.000000
59 162 5.000000
118 162 2.000000
138 162 3.000000
185 162 1.000000
208 162 4.000000
225 162 4.000000
308 162 4.000000
495 162 3.000000
221 165 4.000000
388 165 4.000000
455 165 4.000000
458 165 4.000000
475 165 3.000000
495 165 2.000000
497 165 5.000000
9 167 1.000000
12 167 4.000000
18 167 3.000000
23 167 2.000000
24 167 2.000000
54 167 3.000000
80 167 3.000000
81 167 3.000000
86 167 4.000000
112 167 2.000000
116 167 3.000000
117 167 2.000000
131 167 5.000000
146 167 3.000000
172 167 4.000000
173 167 3.000000
192 167 5.000000
193 167 1.000000
194 167 5.000000
201 167 2.000000
207 167 3.000000
217 167 4.000000
225 167 3.000000
226 167 3.000000
245 167 5.000000
253 167 3.000000
280 167 5.000000
295 167 3.000000
300 167 2.000000
301 167 4.000000
311 167 3.000000
315 167 2.000000
330 167 5.000000
335 167 4.000000
337 167 5.000000
350 167 5.000000
368 167 2.000000
395 167 2.000000
398 167 2.000000
399 167 5.000000
420 167 3.000000
436 167 5.000000
455 167 4.000000
469 167 5.000000
470 167 4.000000
471 167 4.000000
47 168 3.000000
50 168 5.000000
109 168 3.000000
120 168 4.000000
185 168 4.000000
201 168 4.000000
208 168 4.000000
371 168 4.000000
372 168 2.000000
387 168 2.000000
412 168 5.000000
414 168 3.000000
439 168 4.000000
495 168 4.000000
20 169 5.000000
160 169 4.000000
172 169 3.000000
201 169 1.000000
224 169 3.000000
232 169 2.000000
275 169 2.000000
286 169 5.000000
287 169 3.000000
296 169 4.000000
305 169 3.000000
319 169 1.000000
333 169 4.000000
352 169 5.000000
358 169 3.000000
387 169 4.000000
400 169 5.000000
410 169 1.000000
427 169 4.000000
444 169 5.000000
498 169 1.000000
118 172 1.000000
286 172 4.000000
404 172 2.000000
401 173 2.000000
28 175 4.000000
132 175 1.000000
137 175 2.000000
214 175 4.000000
249 175 3.000000
399 175 5.000000
438 175 1.000000
494 175 1.000000
388 178 4.000000
318 179 4.000000
57 180 3.000000
185 180 2.000000
386 180 3.000000
438 180 3.000000
494 181 3.000000
41 183 3.000000
192 183 5.000000
291 183 3.000000
420 183 3.000000
388 185 4.000000
386 187 2.000000
399 187 4.000000
414 187 3.000000
17 188 3.000000
50 188 4.000000
101 188 3.000000
298 188 4.000000
411 188 4.000000
494 188 3.000000
495 188 4.000000
185 190 3.000000
137 191 3.000000
185 193 5.000000
300 193 5.000000
438 193 5.000000
452 193 5.000000
475 193 5.000000
137 196 3.000000
185 196 4.000000
400 196 4.000000
414 196 3.000000
11 198 3.000000
16 198 4.000000
40 198 1.000000
41 198 5.000000
57 198 5.000000
63 198 4.000000
87 198 3.000000
92 198 4.000000
101 198 2.000000
112 198 1.000000
131 198 5.000000
137 198 2.000000
172 198 3.000000
185 198 4.000000
196 198 5.000000
201 198 4.000000
202 198 3.000000
211 198 3.000000
251 198 1.000000
269 198 5.000000
279 198 4.000000
286 198 3.000000
296 198 2.000000
363 198 4.000000
390 198 3.000000
405 198 3.000000
414 198 3.000000
415 198 1.000000
429 198 4.000000
458 198 3.000000
493 198 3.000000
497 198 5.000000
410 200 4.000000
494 200 2.000000
9 201 5.000000
250 201 3.000000
275 201 3.000000
354 201 4.000000
9 203 2.000000
51 204 3.000000
70 204 1.000000
126 204 4.000000
140 204 3.000000
353 204 3.000000
386 204 2.000000
389 204 1.000000
396 204 5.000000
408 204 2.000000
414 204 4.000000
420 204 4.000000
495 204 3.000000
15 205 3.000000
353 206 1.000000
494 206 1.000000
1 207 4.000000
31 207 3.000000
35 207 4.000000
57 207 3.000000
85 207 2.000000
135 207 5.000000
140 207 4.000000
160 207 4.000000
208 207 2.000000
214 207 4.000000
219 207 4.000000
232 207 5.000000
282 207 2.000000
298 207 4.000000
319 207 3.000000
333 207 4.000000
387 207 2.000000
402 207 3.000000
429 207 5.000000
495 207 3.000000
26 211 3.000000
122 211 3.000000
189 211 3.000000
191 211 2.000000
197 211 4.000000
203 211 3.000000
217 211 3.000000
407 211 5.000000
414 211 1.000000
420 211 3.000000
438 211 4.000000
495 211 2.000000
204 212 4.000000
128 213 3.000000
332 213 3.000000
40 216 4.000000
50 216 4.000000
93 216 4.000000
105 216 4.000000
122 216 5.000000
131 216 5.000000
175 216 3.000000
208 216 5.000000
267 216 3.000000
269 216 5.000000
333 216 4.000000
340 216 4.000000
400 216 4.000000
407 216 3.000000
414 216 5.000000
416 216 4.000000
456 216 3.000000
494 216 2.000000
413 217 4.000000
438 217 5.000000
26 224 4.000000
137 224 2.000000
325 224 3.000000
374 224 2.000000
386 224 2.000000
386 228 4.000000
400 231 4.000000
407 231 4.000000
414 231 4.000000
20 232 5.000000
59 232 4.000000
95 232 3.000000
185 232 4.000000
201 232 4.000000
208 232 4.000000
214 232 4.000000
223 232 5.000000
267 232 3.000000
284 232 4.000000
305 232 4.000000
384 232 4.000000
387 232 4.000000
389 232 3.000000
410 232 3.000000
429 232 1.000000
490 232 3.000000
494 232 3.000000
495 232 2.000000
142 234 3.000000
269 234 2.000000
367 234 4.000000
408 234 3.000000
495 234 2.000000
260 237 4.000000
333 237 4.000000
414 237 3.000000
383 238 4.000000
414 238 3.000000
178 240 3.000000
54 244 4.000000
386 244 3.000000
142 246 2.000000
319 246 2.000000
51 248 2.000000
140 248 3.000000
269 248 2.000000
291 248 5.000000
332 248 1.000000
333 248 4.000000
390 248 3.000000
396 248 5.000000
408 248 2.000000
410 248 2.000000
414 248 5.000000
458 248 4.000000
475 248 3.000000
50 249 4.000000
41 251 3.000000
250 251 5.000000
335 251 3.000000
9 252 4.000000
414 254 3.000000
41 255 4.000000
79 255 2.000000
131 255 3.000000
201 255 5.000000
375 255 4.000000
386 255 3.000000
414 255 2.000000
443 255 4.000000
31 260 4.000000
111 260 2.000000
132 260 2.000000
146 260 3.000000
239 260 2.000000
312 260 4.000000
386 260 2.000000
494 262 1.000000
217 266 1.000000
383 266 4.000000
414 266 4.000000
189 267 3.000000
329 267 4.000000
385 267 4.000000
386 267 3.000000
420 267 2.000000
201 268 5.000000
41 269 5.000000
50 269 1.000000
107 269 4.000000
142 269 5.000000
201 269 5.000000
223 269 5.000000
306 269 2.000000
315 269 5.000000
410 269 3.000000
414 269 4.000000
438 269 5.000000
490 269 3.000000
494 269 4.000000
62 270 4.000000
67 270 3.000000
168 270 3.000000
400 270 5.000000
414 270 3.000000
444 270 2.000000
493 270 4.000000
9 272 3.000000
401 272 3.000000
414 272 3.000000
490 272 4.000000
495 272 2.000000
223 273 2.000000
50 276 5.000000
57 276 2.000000
142 276 4.000000
185 276 2.000000
214 276 5.000000
269 276 2.000000
390 276 3.000000
408 276 5.000000
414 276 5.000000
495 276 3.000000
214 277 4.000000
251 277 4.000000
414 277 5.000000
166 280 5.000000
185 280 1.000000
167 281 4.000000
101 282 2.000000
53 283 4.000000
201 283 1.000000
389 283 3.000000
391 283 3.000000
495 283 4.000000
333 286 4.000000
118 287 1.000000
401 287 3.000000
120 288 5.000000
185 288 2.000000
407 288 5.000000
342 289 4.000000
408 289 5.000000
41 294 3.000000
438 294 5.000000
41 296 5.000000
96 296 4.000000
185 296 5.000000
185 298 1.000000
185 302 1.000000
438 302 5.000000
494 302 3.000000
9 304 4.000000
185 307 3.000000
400 307 4.000000
414 307 5.000000
142 310 3.000000
270 310 2.000000
494 310 4.000000
89 312 2.000000
185 314 5.000000
227 314 3.000000
421 317 4.000000
489 320 4.000000
191 321 4.000000
413 322 4.000000
189 324 4.000000
217 324 4.000000
319 324 5.000000
308 326 3.000000
189 327 4.000000
416 327 3.000000
223 331 4.000000
353 331 4.000000
429 331 5.000000
490 333 3.000000
185 338 4.000000
217 338 1.000000
393 338 5.000000
494 338 3.000000
41 339 5.000000
401 339 5.000000
185 341 5.000000
67 342 4.000000
185 342 4.000000
354 342 5.000000
427 342 2.000000
382 343 2.000000
318 344 1.000000
67 346 5.000000
185 346 5.000000
41 351 2.000000
67 351 5.000000
185 351 5.000000
201 351 3.000000
363 351 4.000000
485 351 4.000000
495 351 2.000000
22 352 3.000000
167 352 4.000000
490 352 4.000000
54 353 1.000000
490 353 3.000000
4 354 3.000000
13 354 3.000000
63 354 3.000000
77 354 3.000000
98 354 2.000000
125 354 2.000000
150 354 4.000000
204 354 2.000000
209 354 4.000000
281 354 2.000000
295 354 2.000000
299 354 1.000000
308 354 2.000000
326 354 2.000000
345 354 5.000000
359 354 4.000000
392 354 3.000000
414 354 5.000000
423 354 2.000000
429 354 4.000000
8 355 2.000000
47 355 4.000000
185 355 5.000000
217 355 3.000000
223 355 3.000000
291 355 5.000000
316 355 4.000000
319 355 4.000000
332 355 2.000000
334 355 4.000000
341 355 4.000000
390 355 3.000000
401 355 3.000000
408 355 5.000000
414 355 5.000000
497 355 5.000000
386 358 3.000000
389 358 5.000000
57 359 4.000000
67 359 4.000000
185 359 3.000000
204 359 4.000000
387 359 3.000000
175 361 3.000000
201 361 4.000000
214 361 5.000000
251 361 4.000000
438 361 4.000000
0 363 2.000000
13 363 3.000000
23 363 2.000000
289 363 3.000000
325 363 3.000000
383 363 3.000000
67 364 4.000000
185 365 5.000000
41 368 4.000000
54 368 4.000000
247 368 3.000000
267 368 3.000000
204 372 3.000000
201 373 4.000000
11 374 4.000000
142 374 3.000000
230 374 1.000000
244 374 3.000000
286 374 3.000000
319 374 3.000000
387 374 3.000000
390 374 2.000000
392 374 3.000000
316 375 2.000000
185 376 3.000000
414 376 5.000000
402 377 3.000000
47 381 4.000000
175 381 4.000000
394 381 4.000000
402 381 3.000000
495 381 2.000000
185 382 5.000000
414 382 5.000000
181 383 2.000000
414 383 4.000000
28 386 3.000000
410 386 2.000000
414 386 2.000000
420 386 5.000000
494 386 2.000000
137 388 2.000000
175 388 3.000000
269 388 3.000000
329 388 5.000000
414 388 4.000000
494 388 3.000000
438 389 4.000000
148 390 4.000000
140 393 4.000000
190 393 4.000000
325 393 4.000000
386 393 4.000000
390 393 3.000000
414 393 4.000000
420 393 5.000000
62 394 5.000000
201 394 4.000000
54 395 4.000000
131 395 4.000000
223 395 3.000000
275 395 3.000000
369 395 3.000000
400 395 4.000000
414 395 3.000000
455 395 2.000000
26 398 4.000000
33 398 5.000000
35 398 4.000000
53 398 3.000000
70 398 4.000000
94 398 5.000000
117 398 4.000000
130 398 4.000000
147 398 4.000000
177 398 4.000000
185 398 3.000000
196 398 3.000000
201 398 4.000000
208 398 4.000000
219 398 4.000000
235 398 3.000000
242 398 3.000000
254 398 3.000000
270 398 5.000000
281 398 4.000000
298 398 3.000000
319 398 1.000000
338 398 3.000000
353 398 4.000000
355 398 5.000000
367 398 5.000000
387 398 5.000000
393 398 5.000000
396 398 5.000000
412 398 4.000000
427 398 4.000000
428 398 4.000000
433 398 5.000000
434 398 2.000000
442 398 4.000000
448 398 5.000000
453 398 4.000000
459 398 5.000000
487 398 3.000000
495 398 5.000000
11 399 4.000000
65 399 4.000000
70 399 3.000000
154 399 5.000000
185 399 1.000000
278 399 5.000000
333 399 4.000000
360 399 5.000000
388 399 3.000000
414 399 4.000000
416 399 4.000000
438 399 3.000000
494 399 4.000000
32 401 5.000000
375 401 4.000000
495 401 4.000000
118 402 3.000000
131 403 4.000000
185 403 3.000000
185 404 2.000000
414 404 4.000000
438 404 3.000000
386 405 2.000000
414 405 3.000000
438 405 4.000000
118 406 3.000000
173 406 4.000000
12 407 3.000000
149 407 3.000000
414 407 3.000000
469 407 4.000000
189 409 5.000000
40 410 3.000000
145 410 3.000000
332 410 5.000000
350 410 2.000000
404 410 3.000000
54 411 5.000000
74 415 2.000000
414 417 5.000000
414 418 5.000000
41 419 4.000000
142 419 4.000000
145 419 5.000000
185 419 5.000000
390 419 3.000000
400 419 4.000000
408 419 5.000000
494 419 2.000000
201 420 5.000000
414 421 5.000000
438 421 4.000000
495 422 4.000000
38 423 1.000000
86 423 3.000000
195 423 4.000000
414 423 4.000000
40 425 3.000000
41 425 2.000000
50 425 3.000000
269 425 3.000000
333 425 3.000000
369 425 4.000000
407 425 4.000000
408 425 5.000000
414 425 5.000000
495 425 5.000000
19 426 4.000000
26 426 2.000000
118 426 3.000000
137 426 1.000000
142 426 3.000000
175 426 4.000000
185 426 4.000000
410 426 3.000000
402 427 4.000000
438 428 3.000000
9 429 4.000000
137 429 3.000000
140 429 4.000000
142 429 3.000000
185 429 2.000000
319 429 4.000000
333 429 4.000000
369 429 3.000000
383 429 4.000000
385 429 4.000000
400 429 4.000000
407 429 3.000000
414 429 4.000000
490 429 4.000000
495 429 3.000000
201 432 4.000000
238 432 3.000000
389 432 5.000000
414 433 5.000000
421 434 4.000000
307 436 2.000000
413 436 3.000000
414 436 4.000000
191 438 4.000000
364 441 4.000000
90 442 3.000000
204 442 2.000000
427 442 3.000000
11 444 4.000000
414 444 5.000000
50 450 2.000000
131 450 2.000000
185 450 1.000000
263 450 3.000000
269 450 4.000000
284 450 4.000000
332 450 5.000000
389 450 4.000000
410 450 4.000000
414 450 3.000000
495 450 2.000000
386 458 4.000000
93 460 4.000000
94 460 3.000000
368 460 3.000000
123 461 2.000000
290 461 2.000000
298 461 3.000000
428 461 2.000000
201 462 4.000000
208 462 2.000000
335 462 4.000000
57 464 4.000000
429 464 4.000000
22 466 2.000000
29 466 4.000000
95 466 3.000000
166 466 5.000000
175 466 1.000000
280 466 5.000000
311 466 4.000000
325 466 4.000000
326 466 3.000000
414 466 5.000000
47 470 4.000000
137 470 4.000000
204 470 4.000000
474 470 5.000000
11 471 4.000000
41 471 2.000000
51 471 3.000000
57 471 3.000000
67 471 3.000000
70 471 3.000000
137 471 3.000000
140 471 3.000000
185 471 4.000000
251 471 3.000000
307 471 3.000000
400 471 4.000000
408 471 5.000000
429 471 4.000000
444 471 4.000000
41 475 4.000000
65 475 4.000000
67 475 4.000000
269 475 4.000000
336 475 5.000000
386 475 3.000000
387 475 5.000000
400 475 4.000000
401 475 4.000000
408 475 5.000000
345 476 5.000000
495 476 5.000000
217 477 3.000000
363 477 4.000000
414 477 5.000000
67 479 5.000000
50 480 3.000000
70 480 3.000000
128 480 4.000000
335 480 5.000000
386 480 2.000000
388 480 3.000000
390 480 3.000000
396 480 5.000000
400 480 5.000000
414 480 5.000000
494 480 3.000000
495 480 3.000000
54 483 4.000000
429 483 4.000000
164 484 4.000000
208 484 5.000000
399 484 4.000000
9 485 4.000000
22 485 2.000000
98 485 2.000000
117 485 3.000000
127 485 2.000000
175 485 3.000000
177 485 2.000000
242 485 2.000000
255 485 3.000000
276 485 2.000000
289 485 4.000000
351 485 3.000000
387 485 5.000000
395 485 1.000000
430 485 4.000000
441 485 1.000000
465 485 5.000000
476 485 1.000000
328 487 3.000000
435 487 4.000000
183 489 4.000000
222 489 5.000000
375 489 2.000000
401 489 4.000000
420 489 5.000000
455 489 5.000000
414 491 5.000000
325 492 4.000000
399 493 4.000000
414 493 3.000000
325 495 5.000000
62 496 2.000000
201 496 4.000000
405 496 4.000000
9 497 2.000000
197 497 5.000000
335 497 5.000000
41 498 3.000000
50 498 3.000000
57 498 2.000000
86 498 4.000000
107 498 3.000000
131 498 2.000000
333 498 5.000000
352 498 4.000000
401 498 4.000000
408 498 5.000000
414 498 5.000000
495 498 4.000000
17 501 5.000000
65 501 4.000000
69 501 4.000000
131 501 5.000000
142 501 4.000000
152 501 5.000000
164 501 4.000000
178 501 1.000000
201 501 5.000000
204 501 4.000000
208 501 4.000000
217 501 3.000000
269 501 3.000000
275 501 3.000000
287 501 4.000000
302 501 4.000000
333 501 5.000000
351 501 4.000000
363 501 3.000000
369 501 3.000000
380 501 4.000000
387 501 4.000000
389 501 4.000000
414 501 4.000000
415 501 5.000000
438 501 4.000000
495 501 4.000000
67 503 5.000000
414 503 4.000000
290 504 4.000000
44 505 5.000000
284 505 3.000000
345 505 5.000000
41 508 5.000000
270 508 3.000000
65 509 4.000000
84 509 4.000000
86 509 4.000000
122 509 3.000000
208 509 4.000000
329 509 5.000000
369 509 3.000000
387 509 3.000000
398 509 2.000000
412 509 5.000000
416 509 3.000000
431 509 5.000000
490 509 3.000000
494 509 3.000000
495 509 4.000000
417 510 3.000000
494 510 2.000000
167 511 4.000000
383 512 4.000000
494 512 2.000000
67 513 5.000000
137 513 3.000000
353 513 4.000000
414 513 5.000000
185 515 4.000000
197 515 3.000000
216 515 3.000000
430 515 3.000000
495 515 2.000000
496 515 3.000000
497 515 5.000000
136 518 4.000000
166 518 4.000000
185 518 2.000000
15 519 4.000000
359 522 4.000000
350 524 3.000000
485 532 2.000000
410 533 4.000000
414 533 5.000000
201 536 1.000000
337 536 2.000000
300 544 4.000000
399 544 4.000000
41 545 5.000000
107 545 4.000000
185 545 5.000000
201 545 4.000000
226 545 2.000000
426 545 3.000000
438 545 5.000000
494 545 3.000000
15 547 4.000000
290 547 2.000000
189 549 3.000000
201 549 2.000000
388 549 5.000000
494 549 3.000000
185 560 1.000000
189 560 4.000000
41 561 3.000000
223 561 4.000000
269 561 2.000000
386 561 3.000000
400 561 2.000000
408 561 3.000000
414 561 3.000000
495 561 4.000000
31 562 3.000000
62 562 3.000000
214 563 4.000000
267 563 4.000000
142 564 4.000000
143 564 1.000000
383 564 4.000000
385 564 4.000000
398 564 2.000000
204 565 2.000000
185 566 5.000000
179 567 4.000000
13 571 4.000000
14 571 4.000000
33 571 5.000000
35 571 3.000000
36 571 5.000000
87 571 5.000000
105 571 4.000000
126 571 5.000000
130 571 4.000000
142 571 4.000000
148 571 3.000000
160 571 4.000000
171 571 5.000000
192 571 5.000000
201 571 4.000000
204 571 4.000000
212 571 5.000000
241 571 5.000000
252 571 4.000000
259 571 2.000000
296 571 4.000000
312 571 4.000000
327 571 3.000000
340 571 3.000000
341 571 2.000000
361 571 4.000000
375 571 3.000000
387 571 4.000000
407 571 2.000000
414 571 5.000000
417 571 4.000000
422 571 4.000000
423 571 4.000000
424 571 3.000000
425 571 4.000000
433 571 4.000000
475 571 5.000000
497 571 5.000000
201 574 5.000000
185 580 3.000000
62 581 4.000000
47 584 3.000000
148 584 4.000000
335 584 4.000000
32 586 5.000000
57 586 5.000000
223 586 5.000000
316 586 4.000000
31 588 4.000000
189 591 4.000000
41 593 5.000000
58 593 4.000000
494 593 3.000000
185 594 4.000000
328 595 4.000000
275 601 3.000000
218 603 5.000000
251 603 2.000000
342 603 4.000000
363 603 4.000000
26 606 3.000000
50 606 4.000000
57 606 2.000000
185 606 3.000000
223 606 3.000000
269 606 5.000000
346 606 4.000000
386 606 3.000000
410 606 3.000000
414 606 2.000000
420 606 5.000000
429 606 4.000000
456 606 4.000000
493 606 4.000000
497 606 5.000000
118 612 3.000000
209 613 3.000000
159 615 4.000000
414 616 5.000000
305 618 4.000000
428 618 4.000000
223 620 3.000000
349 622 4.000000
414 624 4.000000
141 631 1.000000
490 632 3.000000
9 636 1.000000
46 636 3.000000
495 636 3.000000
498 639 3.000000
41 640 5.000000
386 640 4.000000
26 642 5.000000
37 642 5.000000
386 642 4.000000
214 645 3.000000
414 645 4.000000
67 648 4.000000
54 649 4.000000
197 649 4.000000
398 649 2.000000
401 649 3.000000
20 654 5.000000
185 654 4.000000
186 654 4.000000
223 654 5.000000
284 654 4.000000
305 654 5.000000
340 654 3.000000
387 654 4.000000
402 654 3.000000
407 654 4.000000
410 654 2.000000
429 654 4.000000
435 654 2.000000
455 654 1.000000
494 654 5.000000
495 654 3.000000
33 656 3.000000
46 656 2.000000
67 656 3.000000
82 656 3.000000
131 656 4.000000
137 656 3.000000
388 656 3.000000
414 656 3.000000
416 656 3.000000
93 659 3.000000
137 661 4.000000
137 663 3.000000
414 670 4.000000
189 674 5.000000
9 676 3.000000
197 676 4.000000
401 676 4.000000
414 676 5.000000
420 676 5.000000
495 676 3.000000
278 677 3.000000
388 677 3.000000
404 677 2.000000
142 685 3.000000
217 685 3.000000
238 685 1.000000
495 687 5.000000
17 689 3.000000
22 689 4.000000
41 689 3.000000
58 689 4.000000
189 689 4.000000
414 689 4.000000
86 690 3.000000
96 690 5.000000
137 692 4.000000
185 692 2.000000
217 692 2.000000
494 692 2.000000
145 699 4.000000
438 699 4.000000
3 700 3.000000
137 700 2.000000
251 700 3.000000
269 700 3.000000
381 700 5.000000
388 700 5.000000
408 700 2.000000
410 700 4.000000
414 700 5.000000
427 700 3.000000
6 702 5.000000
387 703 5.000000
414 703 4.000000
415 703 3.000000
495 703 4.000000
497 703 5.000000
41 705 4.000000
185 705 5.000000
201 706 2.000000
383 706 3.000000
67 708 3.000000
185 708 3.000000
185 709 4.000000
67 710 3.000000
383 710 3.000000
414 710 5.000000
414 712 4.000000
41 714 3.000000
58 714 4.000000
50 715 4.000000
142 715 4.000000
438 715 3.000000
201 717 3.000000
388 717 5.000000
402 717 5.000000
414 717 3.000000
185 719 3.000000
41 720 3.000000
414 720 5.000000
402 721 4.000000
185 722 4.000000
185 723 1.000000
41 725 2.000000
325 728 3.000000
41 729 3.000000
204 731 4.000000
144 734 2.000000
32 735 4.000000
54 735 3.000000
80 735 3.000000
131 735 4.000000
208 735 4.000000
201 744 4.000000
185 747 2.000000
495 747 4.000000
151 754 4.000000
275 761 1.000000
438 762 4.000000
9 766 4.000000
83 766 4.000000
117 766 5.000000
214 766 5.000000
289 766 3.000000
398 766 2.000000
197 767 4.000000
41 768 3.000000
494 768 4.000000
409 771 3.000000
120 772 5.000000
161 772 4.000000
197 772 4.000000
291 772 4.000000
308 772 3.000000
414 772 3.000000
426 772 4.000000
142 773 4.000000
185 773 5.000000
380 776 4.000000
89 781 3.000000
41 783 4.000000
185 787 5.000000
490 787 4.000000
33 798 5.000000
35 798 4.000000
201 798 5.000000
300 798 5.000000
387 798 3.000000
396 798 5.000000
475 798 3.000000
178 805 4.000000
185 806 3.000000
264 806 4.000000
4 814 3.000000
50 814 4.000000
185 814 5.000000
201 814 5.000000
329 814 3.000000
387 814 2.000000
142 818 3.000000
316 818 2.000000
338 818 3.000000
388 818 3.000000
399 818 5.000000
429 818 4.000000
444 818 3.000000
493 818 3.000000
497 818 4.000000
29 819 4.000000
351 819 4.000000
386 820 3.000000
47 823 3.000000
217 823 2.000000
414 823 5.000000
496 823 3.000000
33 828 1.000000
59 828 5.000000
142 828 3.000000
223 828 3.000000
284 828 4.000000
286 828 3.000000
305 828 3.000000
410 828 3.000000
414 828 1.000000
494 828 3.000000
495 828 2.000000
33 829 4.000000
53 829 4.000000
136 829 3.000000
208 829 4.000000
355 829 5.000000
383 829 3.000000
387 829 4.000000
389 829 4.000000
402 829 3.000000
410 829 3.000000
412 829 4.000000
495 829 4.000000
414 830 4.000000
308 831 5.000000
47 832 3.000000
142 832 2.000000
249 832 3.000000
333 832 4.000000
396 832 5.000000
400 832 5.000000
408 832 3.000000
414 832 3.000000
429 832 4.000000
494 832 2.000000
54 835 4.000000
58 835 4.000000
386 835 4.000000
401 835 4.000000
398 837 4.000000
438 837 4.000000
62 838 4.000000
145 838 4.000000
178 838 3.000000
185 838 5.000000
414 838 5.000000
17 839 3.000000
185 839 2.000000
218 839 5.000000
229 839 2.000000
239 839 3.000000
286 839 4.000000
342 839 3.000000
353 839 3.000000
407 839 5.000000
408 839 4.000000
425 839 4.000000
131 840 4.000000
201 840 4.000000
414 840 1.000000
399 842 4.000000
33 845 3.000000
129 845 4.000000
264 845 3.000000
350 845 3.000000
392 845 3.000000
41 846 1.000000
490 847 4.000000
495 847 2.000000
142 849 3.000000
495 849 1.000000
238 854 3.000000
386 854 3.000000
41 855 3.000000
185 855 2.000000
399 855 4.000000
178 857 4.000000
9 859 2.000000
15 859 3.000000
16 859 3.000000
17 859 3.000000
23 859 3.000000
24 859 2.000000
31 859 4.000000
45 859 2.000000
47 859 3.000000
54 859 4.000000
89 859 3.000000
92 859 5.000000
95 859 3.000000
105 859 4.000000
116 859 4.000000
117 859 3.000000
129 859 4.000000
136 859 3.000000
137 859 3.000000
142 859 3.000000
146 859 4.000000
155 859 3.000000
177 859 4.000000
185 859 3.000000
192 859 5.000000
197 859 3.000000
204 859 3.000000
207 859 5.000000
214 859 3.000000
238 859 3.000000
250 859 3.000000
275 859 3.000000
295 859 2.000000
297 859 3.000000
324 859 4.000000
346 859 3.000000
350 859 5.000000
386 859 3.000000
399 859 4.000000
429 859 5.000000
435 859 3.000000
469 859 4.000000
492 859 4.000000
493 859 4.000000
497 859 5.000000
22 861 3.000000
33 861 1.000000
57 861 3.000000
97 861 2.000000
132 861 2.000000
148 861 3.000000
154 861 5.000000
218 861 5.000000
233 861 5.000000
333 861 3.000000
353 861 3.000000
363 861 3.000000
369 861 3.000000
386 861 3.000000
387 861 2.000000
409 861 3.000000
410 861 3.000000
455 861 2.000000
3 862 3.000000
8 862 2.000000
9 862 2.000000
15 862 5.000000
17 862 4.000000
22 862 3.000000
29 862 4.000000
75 862 4.000000
86 862 4.000000
95 862 3.000000
105 862 5.000000
111 862 4.000000
112 862 3.000000
117 862 3.000000
119 862 5.000000
136 862 3.000000
146 862 4.000000
155 862 3.000000
166 862 5.000000
173 862 4.000000
175 862 3.000000
177 862 4.000000
179 862 3.000000
188 862 4.000000
226 862 4.000000
228 862 4.000000
232 862 3.000000
239 862 4.000000
242 862 2.000000
262 862 4.000000
275 862 3.000000
276 862 4.000000
280 862 4.000000
285 862 4.000000
289 862 3.000000
291 862 3.000000
294 862 4.000000
311 862 4.000000
315 862 4.000000
321 862 5.000000
324 862 4.000000
325 862 3.000000
333 862 4.000000
350 862 4.000000
365 862 2.000000
383 862 5.000000
391 862 3.000000
395 862 2.000000
402 862 4.000000
422 862 3.000000
423 862 5.000000
455 862 4.000000
458 862 3.000000
469 862 4.000000
474 862 5.000000
496 862 4.000000
185 865 3.000000
201 865 4.000000
369 865 3.000000
420 865 5.000000
424 865 4.000000
148 867 5.000000
185 867 1.000000
458 867 4.000000
118 868 3.000000
414 868 5.000000
333 870 4.000000
414 870 4.000000
204 872 3.000000
3 874 2.000000
17 874 3.000000
22 874 3.000000
24 874 1.000000
28 874 3.000000
32 874 3.000000
50 874 2.000000
57 874 4.000000
65 874 4.000000
74 874 3.000000
84 874 5.000000
98 874 4.000000
112 874 3.000000
116 874 4.000000
117 874 3.000000
121 874 3.000000
129 874 4.000000
132 874 5.000000
133 874 4.000000
145 874 4.000000
146 874 3.000000
155 874 2.000000
164 874 4.000000
166 874 4.000000
172 874 4.000000
175 874 3.000000
177 874 4.000000
202 874 5.000000
207 874 1.000000
209 874 1.000000
238 874 4.000000
255 874 2.000000
259 874 4.000000
263 874 3.000000
280 874 2.000000
283 874 1.000000
289 874 3.000000
291 874 4.000000
295 874 1.000000
300 874 2.000000
311 874 1.000000
328 874 2.000000
333 874 3.000000
336 874 4.000000
337 874 2.000000
359 874 4.000000
361 874 1.000000
365 874 4.000000
371 874 3.000000
374 874 5.000000
380 874 4.000000
387 874 5.000000
394 874 4.000000
406 874 5.000000
415 874 1.000000
418 874 3.000000
420 874 1.000000
422 874 4.000000
426 874 5.000000
433 874 4.000000
438 874 5.000000
441 874 2.000000
447 874 4.000000
455 874 4.000000
456 874 2.000000
457 874 5.000000
474 874 1.000000
482 874 5.000000
487 874 4.000000
490 874 2.000000
32 880 4.000000
67 880 5.000000
178 880 4.000000
269 880 2.000000
319 880 4.000000
346 880 4.000000
387 880 3.000000
400 880 5.000000
414 880 5.000000
420 880 5.000000
495 882 3.000000
388 885 3.000000
50 892 3.000000
185 892 1.000000
217 892 2.000000
369 892 3.000000
387 892 4.000000
454 892 5.000000
495 892 2.000000
175 896 5.000000
15 897 3.000000
456 897 4.000000
17 900 3.000000
208 902 2.000000
18 903 4.000000
54 903 3.000000
103 903 3.000000
122 903 3.000000
125 903 3.000000
131 903 3.000000
159 903 4.000000
165 903 5.000000
171 903 3.000000
178 903 3.000000
188 903 4.000000
189 903 3.000000
192 903 5.000000
210 903 4.000000
228 903 4.000000
245 903 4.000000
248 903 3.000000
259 903 1.000000
282 903 3.000000
286 903 4.000000
312 903 3.000000
319 903 3.000000
341 903 4.000000
352 903 4.000000
353 903 3.000000
367 903 4.000000
372 903 3.000000
395 903 2.000000
414 903 5.000000
423 903 4.000000
444 903 2.000000
473 903 5.000000
492 903 3.000000
185 904 5.000000
189 904 4.000000
201 904 5.000000
414 904 4.000000
418 904 4.000000
13 906 3.000000
14 906 4.000000
16 906 3.000000
18 906 3.000000
20 906 2.000000
22 906 3.000000
67 906 4.000000
72 906 2.000000
87 906 4.000000
91 906 2.000000
92 906 5.000000
98 906 3.000000
125 906 3.000000
131 906 4.000000
140 906 4.000000
159 906 4.000000
160 906 3.000000
171 906 4.000000
181 906 4.000000
184 906 1.000000
185 906 3.000000
189 906 4.000000
191 906 1.000000
201 906 2.000000
203 906 3.000000
210 906 5.000000
212 906 4.000000
228 906 5.000000
232 906 3.000000
249 906 3.000000
268 906 3.000000
291 906 3.000000
296 906 4.000000
305 906 1.000000
312 906 4.000000
324 906 4.000000
327 906 3.000000
333 906 5.000000
352 906 5.000000
354 906 4.000000
360 906 2.000000
368 906 2.000000
372 906 4.000000
387 906 2.000000
393 906 4.000000
396 906 4.000000
400 906 4.000000
414 906 5.000000
416 906 4.000000
420 906 3.000000
429 906 3.000000
434 906 4.000000
438 906 5.000000
440 906 3.000000
455 906 3.000000
473 906 5.000000
487 906 2.000000
494 906 2.000000
495 906 2.000000
178 907 4.000000
208 907 4.000000
223 907 3.000000
251 907 3.000000
281 907 4.000000
340 907 4.000000
402 907 4.000000
142 908 4.000000
185 908 3.000000
201 908 4.000000
382 908 2.000000
387 908 5.000000
388 908 5.000000
413 908 4.000000
494 908 2.000000
414 910 4.000000
26 911 5.000000
185 911 2.000000
118 913 4.000000
201 916 5.000000
341 916 3.000000
396 916 2.000000
94 919 3.000000
9 921 3.000000
41 921 3.000000
260 921 3.000000
315 921 2.000000
497 921 4.000000
57 923 4.000000
140 923 4.000000
353 923 2.000000
383 923 4.000000
137 924 4.000000
273 927 2.000000
321 927 5.000000
322 927 3.000000
41 929 5.000000
46 929 4.000000
76 929 4.000000
91 929 3.000000
104 929 3.000000
118 929 4.000000
120 929 4.000000
132 929 2.000000
156 929 5.000000
202 929 3.000000
254 929 3.000000
387 929 2.000000
400 929 3.000000
401 929 4.000000
407 929 3.000000
414 929 5.000000
420 929 4.000000
436 929 5.000000
438 929 3.000000
489 929 3.000000
494 929 3.000000
497 929 5.000000
185 931 1.000000
383 931 4.000000
387 931 4.000000
50 935 1.000000
186 935 4.000000
286 935 4.000000
301 935 4.000000
387 935 4.000000
390 935 4.000000
400 935 5.000000
414 935 5.000000
26 936 4.000000
47 936 3.000000
62 936 4.000000
120 936 5.000000
143 936 2.000000
161 936 3.000000
372 936 4.000000
401 936 4.000000
407 936 4.000000
414 936 5.000000
431 936 4.000000
490 936 4.000000
495 936 2.000000
353 937 3.000000
201 940 5.000000
250 940 3.000000
167 941 3.000000
340 941 4.000000
131 942 3.000000
104 943 1.000000
197 943 4.000000
429 943 4.000000
9 944 1.000000
34 944 2.000000
129 944 3.000000
212 944 4.000000
274 944 4.000000
282 944 1.000000
285 944 3.000000
325 944 3.000000
391 944 2.000000
395 944 3.000000
407 944 4.000000
54 946 3.000000
414 946 3.000000
421 946 3.000000
131 947 4.000000
325 947 4.000000
494 947 2.000000
57 948 4.000000
84 948 5.000000
95 948 3.000000
117 948 3.000000
122 948 4.000000
132 948 5.000000
142 948 5.000000
148 948 3.000000
185 948 3.000000
223 948 5.000000
238 948 3.000000
275 948 5.000000
320 948 5.000000
363 948 4.000000
374 948 4.000000
381 948 5.000000
391 948 2.000000
396 948 5.000000
399 948 5.000000
414 948 5.000000
423 948 3.000000
438 948 3.000000
498 948 5.000000
41 949 4.000000
185 949 3.000000
438 950 1.000000
50 951 4.000000
67 951 5.000000
72 951 5.000000
152 951 5.000000
185 951 5.000000
208 951 5.000000
456 951 5.000000
494 951 3.000000
116 958 3.000000
137 958 4.000000
47 960 4.000000
251 960 2.000000
269 960 4.000000
291 960 4.000000
346 960 3.000000
390 960 3.000000
408 960 2.000000
410 960 3.000000
414 960 5.000000
438 960 3.000000
494 960 2.000000
226 962 3.000000
495 962 4.000000
185 964 5.000000
386 965 3.000000
471 965 4.000000
201 969 5.000000
414 969 4.000000
62 970 4.000000
358 971 3.000000
389 971 4.000000
495 971 5.000000
185 973 3.000000
388 974 4.000000
407 976 4.000000
403 978 1.000000
9 980 2.000000
41 980 3.000000
67 980 3.000000
414 980 5.000000
490 980 3.000000
495 980 4.000000
28 981 4.000000
57 981 1.000000
84 981 4.000000
185 981 1.000000
228 981 5.000000
269 981 2.000000
364 981 4.000000
384 981 4.000000
391 981 4.000000
396 981 5.000000
408 981 5.000000
414 981 3.000000
420 981 5.000000
444 981 3.000000
455 981 3.000000
497 981 5.000000
41 983 5.000000
214 985 1.000000
375 990 4.000000
54 991 4.000000
122 992 5.000000
8 994 3.000000
291 994 4.000000
346 994 3.000000
360 994 1.000000
414 994 5.000000
420 994 5.000000
454 994 1.000000
207 997 4.000000
41 999 5.000000
419 999 2.000000
